Feature	Gain	Cover	Frequency
ctarjeta_visa_transacciones	0.113486608820594	0.0126966537240438	0.0114285714285714
Visa_status	0.108001877585173	0.0363098481895538	0.0185714285714286
mcuentas_saldo	0.0963580222684868	0.0246133410087412	0.02
ctrx_quarter	0.0946019491468356	0.0312100763923621	0.0171428571428571
mcaja_ahorro	0.0772589712928329	0.0488364475216307	0.0342857142857143
cdescubierto_preacordado	0.0711389114318952	0.0323520359574657	0.0214285714285714
chomebanking_transacciones	0.0632141728301522	0.0550967733211429	0.0328571428571429
ctarjeta_master	0.062688825578662	0.00683803304841292	0.00285714285714286
mcuenta_corriente	0.0459377331087899	0.0452851586989106	0.0271428571428571
mtarjeta_visa_consumo	0.0325747315650889	0.0350540838298261	0.02
mpasivos_margen	0.0300528414383511	0.0158370826804578	0.0142857142857143
mprestamos_personales	0.0271534327170144	0.0423027021540819	0.0214285714285714
mpayroll	0.0236844942871287	0.0343494639773968	0.0185714285714286
Visa_delinquency	0.0219599784853239	0.0222047163606153	0.0171428571428571
Visa_mpagospesos	0.0201690385761405	0.0220787259665669	0.0242857142857143
mautoservicio	0.00896037160670833	0.0233293300979669	0.0142857142857143
ctarjeta_debito_transacciones	0.00878626319491741	0.00514425545223327	0.00285714285714286
ctarjeta_visa	0.00800088726720838	0.0132282349560758	0.00714285714285714
thomebanking	0.00765216292061198	0.0270934317106341	0.0385714285714286
Visa_Finiciomora	0.00702406969776277	0.0160200842718132	0.00571428571428571
mactivos_margen	0.00634451304966487	0.0268653402928373	0.0214285714285714
Visa_msaldototal	0.0059233394220286	0.0252405677981598	0.0271428571428571
Visa_msaldopesos	0.00485512213109571	0.0245134004420337	0.0314285714285714
Master_mfinanciacion_limite	0.00470072813318893	0.0121547623972607	0.0142857142857143
internet	0.00331194091576454	0.00526531357984804	0.00857142857142857
cpayroll_trx	0.00321387592125427	0.00404816803734368	0.00142857142857143
Master_delinquency	0.00321326385598694	0.0106096574035819	0.00857142857142857
mttarjeta_visa_debitos_automaticos	0.00305438340687405	0.00633054324381434	0.00571428571428571
mextraccion_autoservicio	0.00225164279498851	0.0119212206178166	0.0128571428571429
Visa_fechaalta	0.00209450204677921	0.0150358639754487	0.0214285714285714
cmobile_app_trx	0.00196508719237536	0.016043585070703	0.0328571428571429
Visa_mconsumototal	0.0019579570604976	0.00700403075485721	0.0142857142857143
Visa_cconsumos	0.0019265550211342	0.00859882626047449	0.0171428571428571
Visa_mpagominimo	0.00188705189995502	0.022704833670324	0.0228571428571429
Master_msaldopesos	0.00181110596265716	0.00932457403571536	0.0157142857142857
Master_fechaalta	0.00180696417315556	0.0226774575192363	0.0342857142857143
Master_msaldototal	0.00161585934939124	0.013451285307444	0.02
mcomisiones_otras	0.00151061634464637	0.0103678675483369	0.01
mrentabilidad_annual	0.00145034820598134	0.004089258168736	0.00857142857142857
Master_mpagominimo	0.00119368634757173	0.0121292462079899	0.0142857142857143
mrentabilidad	0.0010737334677247	0.00927139674298926	0.00571428571428571
Visa_mconsumospesos	0.00100317630604624	0.00939014934690342	0.0157142857142857
tcallcenter	0.000989657267637064	0.00413061252868726	0.00285714285714286
Visa_cadelantosefectivo	0.000984273990782851	0.00300483307710503	0.00571428571428571
Master_fultimo_cierre	0.000971019564122541	0.00372167479562374	0.00714285714285714
foto_mes	0.000858630152258412	0.00520958207771879	0.01
Master_mpagado	0.000763813695990019	0.00324517226575186	0.00571428571428571
Visa_mlimitecompra	0.000619127113709089	0.00708112332264408	0.00714285714285714
cextraccion_autoservicio	0.000585658787736799	0.00352446185255875	0.00142857142857143
Visa_mfinanciacion_limite	0.000546055184272336	0.00531953742490566	0.00714285714285714
ctarjeta_visa_debitos_automaticos	0.000531026981694638	0.00111559888063457	0.00142857142857143
Visa_madelantopesos	0.000454911752234017	0.00209972073890843	0.00428571428571429
Master_status	0.000437440322904151	0.00336073340315012	0.00571428571428571
Master_Fvencimiento	0.000364872949188357	0.00731285176884053	0.0171428571428571
mtransferencias_emitidas	0.000331359415084976	0.00699743022183568	0.00857142857142857
active_quarter	0.000328510058898495	0.0036925837493789	0.00285714285714286
Master_mlimitecompra	0.00032424368440927	0.00838531922294111	0.0128571428571429
Master_mconsumosdolares	0.000299631240828275	0.0100212825742327	0.0185714285714286
mcuenta_debitos_automaticos	0.00027464516418692	0.00420657046795629	0.00428571428571429
mcomisiones	0.000268857518658738	0.00181840539981628	0.00428571428571429
matm	0.000243333275230891	0.0035959434491821	0.00428571428571429
Master_madelantodolares	0.000241723210145223	0.00434906219455859	0.0114285714285714
Visa_madelantodolares	0.00023369968271695	0.00229953970089793	0.00428571428571429
mcomisiones_mantenimiento	0.000192925727789317	0.00243900057050054	0.00142857142857143
Master_mpagospesos	0.000176787576922691	0.00133970096528651	0.00285714285714286
Master_mpagosdolares	0.000172789574906011	0.00241720430486349	0.00428571428571429
ccajas_transacciones	0.000170733513486165	0.00557895806027017	0.00857142857142857
Visa_mpagosdolares	0.000169649331589504	0.00156440922133838	0.00428571428571429
numero_de_cliente	0.000165279026729414	0.00556485032760326	0.0114285714285714
Master_mconsumototal	0.00016511480389267	0.00385164934186495	0.00571428571428571
tmobile_app	0.000160800852538912	0.00615310081410114	0.0114285714285714
Master_cadelantosefectivo	0.000146231434483369	0.00532033529153464	0.0114285714285714
Visa_mconsumosdolares	0.00012962257798713	0.0031779079641674	0.00714285714285714
cliente_antiguedad	0.000103340697747978	0.0011709262684972	0.00285714285714286
Master_msaldodolares	9.83560580386815e-05	0.0023141137192571	0.00285714285714286
Visa_fultimo_cierre	9.81322920423665e-05	0.00113769046054338	0.00285714285714286
Master_cconsumos	9.59192851561268e-05	0.00617408885120495	0.00857142857142857
Visa_Fvencimiento	9.57082872986706e-05	0.00144404534130986	0.00285714285714286
mtarjeta_master_consumo	8.46866684853456e-05	0.000719779318379948	0.00142857142857143
cliente_edad	6.48792595280626e-05	0.0028936394823576	0.00285714285714286
mpagomiscuentas	5.34534535001681e-05	0.00330629713905492	0.00428571428571429
mtransferencias_recibidas	4.75180830586258e-05	0.000628361417936451	0.00142857142857143
Master_mconsumospesos	2.75322658942895e-05	0.00339030627794363	0.00714285714285714
mcaja_ahorro_dolares	2.30105768247997e-05	0.00388335676893858	0.00571428571428571
Master_madelantopesos	2.20792879832422e-05	0.00271865800490911	0.00571428571428571
Visa_msaldodolares	1.2161522986439e-05	0.00140175322902194	0.00142857142857143
