Feature	Gain	Cover	Frequency
mcuenta_corriente	0.0782394363325388	0.0174153202299672	0.0193975353719763
cdescubierto_preacordado	0.069287814394079	0.00996108853521675	0.0130077590141488
Visa_status	0.0673214695404013	0.0131264943225418	0.0116575384147269
mcaja_ahorro	0.062158968438096	0.013040279087764	0.0128366042902784
mtarjeta_visa_consumo	0.0568426232484242	0.0050143902935069	0.00680815457173285
ctrx_quarter	0.0487642207291421	0.0212832793018544	0.0159364065114864
Visa_delinquency	0.03987381337595	0.00537630232996809	0.00823444393731934
mcuentas_saldo	0.0312173501282383	0.0195361512064895	0.0179141944317663
Visa_mpagospesos	0.0300265053399142	0.0110986752706647	0.0161455956184391
mautoservicio	0.0275393672652864	0.00780646722166581	0.00758785942492013
mprestamos_personales	0.0274476528140797	0.024107555390691	0.0186938992849536
internet	0.025181783294486	0.00445336265954618	0.00867183934276586
mpayroll	0.0245148524704075	0.0108163301100883	0.00747375627567321
chomebanking_transacciones	0.0239845345970613	0.0240635323461322	0.0168111973223794
Master_status	0.0211430610359954	0.00972662250649759	0.00935645823824738
mpasivos_margen	0.0210097940343465	0.016170113875653	0.0135212231857599
Visa_Finiciomora	0.0175618838575792	0.0176889386136628	0.0114863836908565
ctarjeta_visa_transacciones	0.0150324486451329	0.0107681414805013	0.00770196257416705
mextraccion_autoservicio	0.014789844739345	0.0058654973079507	0.00513464171611136
Visa_mconsumospesos	0.0114234898875062	0.0110881823939439	0.0157462345960749
Visa_mpagominimo	0.0102992056261438	0.00959063143739125	0.0164688878746387
Visa_cadelantosefectivo	0.00915125946474397	0.000873703284247056	0.00271945839038491
Visa_msaldopesos	0.00906620099342717	0.0103524305421428	0.0167161113646737
mactivos_margen	0.00854581195314438	0.0175811448195817	0.0157842689791572
mrentabilidad_annual	0.00845097566131775	0.0290292656479494	0.0219078046554085
Visa_msaldototal	0.00837781600387455	0.00960442857795242	0.0147383234443937
Visa_fechaalta	0.00765494916669738	0.0187521900612211	0.0208428419291039
Visa_mconsumototal	0.00735717417456048	0.0120141195357756	0.0162787159592271
Master_mpagominimo	0.00711860670438384	0.00616903088916356	0.0106496272630458
mrentabilidad	0.00701116668902083	0.0174683434592953	0.0174007302601552
Visa_cconsumos	0.00684648227091516	0.00498543029681233	0.0101551802829758
cpayroll_trx	0.00634775994380878	0.00435726594564557	0.00186368477103301
ctarjeta_visa	0.00603683624212077	0.00127584202478716	0.000779704853187281
cliente_edad	0.00558415133825305	0.0265523456473933	0.0200631370759166
thomebanking	0.00546495092567726	0.00693820832309038	0.0134261372280542
Master_fechaalta	0.00535689436424682	0.0158448859253113	0.0199490339266697
Master_delinquency	0.00502577156043209	0.0044847531660293	0.00692225772097977
matm	0.00496780975350178	0.00395544700599556	0.00368933515898372
cmobile_app_trx	0.00494942113087613	0.00977497817391446	0.0192073634565647
Visa_mfinanciacion_limite	0.00468575861931631	0.0168673875675507	0.0155750798722045
tmobile_app	0.0044844247873452	0.0058721632800677	0.0176099193671079
Visa_Fvencimiento	0.00426714965576744	0.0133862865556602	0.0180853491556367
mcomisiones_otras	0.00416778285130305	0.0110415769974892	0.0134641716111365
Master_msaldopesos	0.00416427954357406	0.0078378991134693	0.0109158679446219
Visa_mlimitecompra	0.00414650781018554	0.0120146943254963	0.0138445154419595
cliente_antiguedad	0.00404370241608535	0.0165357599155955	0.0157842689791572
mcomisiones	0.0040213076314568	0.0115166797846294	0.013159896546478
mttarjeta_visa_debitos_automaticos	0.00391591627145044	0.0129515300813552	0.0137113951011715
Master_Fvencimiento	0.003827008550401	0.0150837735060563	0.018370607028754
ccaja_ahorro	0.00382241818380028	0.00524343737787794	0.00245321770880876
Master_mlimitecompra	0.00372493810140925	0.0103678567332424	0.0141678076981591
ccaja_seguridad	0.00371334833541234	0.00728586964969342	0.00308078502966682
mcuenta_debitos_automaticos	0.00370351129840549	0.0120046578384906	0.00939449262132968
Master_mfinanciacion_limite	0.00370199186824006	0.00723852916015608	0.0120949338201734
Visa_mconsumosdolares	0.00367200120633338	0.0101900650515728	0.0141868248897003
numero_de_cliente	0.00363506700537883	0.0148203029871062	0.0159364065114864
Master_msaldototal	0.00361276054083987	0.00777618669365004	0.0114103149246919
Visa_madelantodolares	0.00347566204388666	0.000976433333996723	0.00258633804959684
Master_Finiciomora	0.00342563900946984	0.0121132924625578	0.00684618895481515
Master_mpagospesos	0.00312689176395505	0.0083901978408456	0.0111440742431158
Master_fultimo_cierre	0.00301404410166556	0.00605363802501204	0.00909021755667123
tcallcenter	0.00292107180456196	0.00379588598964592	0.00688422333789746
mpagomiscuentas	0.00286198301214824	0.0054417762667362	0.00561007150464019
cproductos	0.00260292488024901	0.00570395468878548	0.00348014605203104
ccajas_transacciones	0.00253842090786085	0.0042607025964289	0.0111060398600335
Visa_fultimo_cierre	0.0025071308061977	0.00877585083398933	0.00943252700441199
mcaja_ahorro_dolares	0.00246170091627299	0.0153966209716156	0.0112771945839039
Master_mconsumototal	0.00222587963245778	0.00412327052385179	0.00787311729803743
foto_mes	0.00213978876938415	0.00397070241789413	0.00646584512399209
mcomisiones_mantenimiento	0.00212550628009907	0.0138921000709337	0.00872889091738932
mtransferencias_emitidas	0.00200939070764449	0.00527293216040223	0.00673208580556823
active_quarter	0.00199044185737487	0.00477589244816649	0.00448805720371216
Visa_madelantopesos	0.00195894317760577	0.00118029408368824	0.00313783660429028
mtarjeta_master_consumo	0.00193420852516106	0.00568478683878367	0.00513464171611136
mplazo_fijo_dolares	0.00191237622581824	0.00708575234325034	0.00344211166894873
Visa_mpagosdolares	0.00187797881022153	0.00643190699058449	0.00692225772097977
mtransferencias_recibidas	0.00183845924832933	0.00754913801948476	0.00680815457173285
ctarjeta_debito_transacciones	0.00180004086504975	0.00678717544559575	0.00374638673360718
Master_mconsumospesos	0.00178967138005878	0.00420915231612484	0.00806328921344896
Master_mpagado	0.00166661469660023	0.00205543411199896	0.00306176783812567
Visa_mpagado	0.00156633591948134	0.00953871571146962	0.00667503423094478
mtarjeta_visa_descuentos	0.00146295033974446	0.00935166747477079	0.0053628480146052
ctarjeta_master	0.00137890954413621	0.000718514491729618	0.00041837821390537
ctarjeta_master_descuentos	0.00125571898526552	0.0049022209371394	0.0020728738779857
Master_mconsumosdolares	0.00123540978125331	0.00198275861145035	0.00600943252700441
cprestamos_personales	0.00122106841252716	0.00904721668204178	0.00401262741518333
Visa_msaldodolares	0.00118265054627658	0.00294557266391226	0.00401262741518333
matm_other	0.00112111831570316	0.00686327291927558	0.00401262741518333
Master_mpagosdolares	0.00111796767535788	0.00171429054165762	0.00479233226837061
Master_cconsumos	0.0010866726786683	0.00175998776344634	0.004469040012171
ccomisiones_otras	0.00108027871794081	0.0134556135290704	0.00680815457173285
ctarjeta_visa_descuentos	0.000994878832495252	0.00700758969028041	0.00300471626350221
Master_msaldodolares	0.000883406199893456	0.00136100276850905	0.00304275064658451
mtarjeta_master_descuentos	0.0008466083100553	0.00319007138070641	0.00173056443024494
Master_madelantodolares	0.000833477684128026	0.000731860250256926	0.00327095694507835
Master_madelantopesos	0.000721225380306759	0.000777880150913515	0.00338506009432527
mcheques_emitidos	0.00071157969270397	0.00739111131064528	0.00405066179826563
mprestamos_prendarios	0.000667629859516723	0.00800867601211583	0.00340407728586642
Master_cadelantosefectivo	0.000650720779383469	0.000778125757536633	0.00298569907196105
cextraccion_autoservicio	0.000624605840640953	0.00369562622333762	0.00184466757949186
cprestamos_prendarios	0.000624424828305165	0.00452951141878992	0.00209189106952685
ccajas_consultas	0.000485097140330608	0.00546918284614821	0.002358131751103
ccajas_depositos	0.000477832303758065	0.00454812566098739	0.00195877072873878
mttarjeta_master_debitos_automaticos	0.000413642002503009	0.00385154078428977	0.00256732085805568
ctarjeta_visa_debitos_automaticos	0.000410495269161127	0.00475690723463413	0.00258633804959684
mforex_buy	0.000386892848529414	0.00714872491441714	0.00346112886048988
mcheques_depositados	0.000354032252576647	0.00316508218750431	0.00154039251483341
cseguro_vida	0.000330206011063431	0.00442635174451835	0.00214894264415031
ctarjeta_master_transacciones	0.000302415638065831	0.00540467579479259	0.00266240681576145
cseguro_accidentes_personales	0.000298391897677326	0.00353395046892064	0.00201582230336224
ccallcenter_transacciones	0.000294500996805196	0.00502540460224059	0.00230108017647954
mpagodeservicios	0.000264409975484301	0.00190581783272358	0.00104594553476343
minversion2	0.000247429517109143	0.00164436696345522	0.000874790810893047
ccomisiones_mantenimiento	0.000246167850838342	0.00439082483570171	0.00193975353719763
cinversion1	0.000238605742477474	0.000629643056146345	0.000266240681576145
cplazo_fijo	0.000218965809336222	0.00247359772057493	0.00104594553476343
cpagomiscuentas	0.000182936373544528	0.00370888126800554	0.00173056443024494
mcajeros_propios_descuentos	0.000151946823014626	0.0019684465431061	0.00116004868401035
mforex_sell	0.000145086263891863	0.00122022757939169	0.000874790810893047
catm_trx	0.000119640411243619	0.00302605911125493	0.00136923779096303
ccajas_otras	0.000111486171356025	0.0034061828759423	0.0014643237486688
cseguro_vivienda	9.58694894499901e-05	0.00182227980798902	0.000855773619351894
cforex_buy	9.25455667118723e-05	0.00269538982589802	0.00119808306709265
ccajas_extracciones	8.76688741625112e-05	0.00308379100001685	0.00131218621633957
ccajeros_propios_descuentos	8.05405188355545e-05	0.00319318978474218	0.00135022059942188
ccheques_emitidos	6.2895247119998e-05	0.00308237238721316	0.00131218621633957
ctransferencias_emitidas	3.87285496056373e-05	0.0011177754847353	0.000570515746234596
ccuenta_debitos_automaticos	3.39702220714407e-05	0.0013492351203136	0.000570515746234596
ccheques_depositados	2.81499965184389e-05	0.000269847024062719	0.000114103149246919
catm_trx_other	1.86158047142445e-05	0.000973633522100383	0.000437395405446524
ctransferencias_recibidas	1.27325250225858e-05	9.23505077935122e-05	7.60687661646128e-05
cforex	9.46694131513947e-06	0.000809541072188158	0.000342309447740758
cforex_sell	1.9591803354519e-06	3.76229975880093e-05	1.90171915411532e-05
ctarjeta_debito	2.35227653040843e-07	4.49745040104532e-05	1.90171915411532e-05
