Feature	Gain	Cover	Frequency
Visa_status	0.411124744667274	0.0219112269055161	0.010752688172043
mcaja_ahorro	0.0937377326282578	0.0266201755935704	0.0120967741935484
internet	0.0608130272859592	0.0216891850695255	0.0295698924731183
mcuentas_saldo	0.0385656711244085	0.0419221258844403	0.0336021505376344
ctrx_quarter	0.0381739760243059	0.037013921459038	0.0188172043010753
mcuenta_corriente	0.0365305116536075	0.0381159853147533	0.0268817204301075
cdescubierto_preacordado	0.0313365118628906	0.0304722971131276	0.0309139784946237
mprestamos_personales	0.0294038836829905	0.0611023207009759	0.0295698924731183
Visa_delinquency	0.027550898788077	0.0239120856724014	0.0174731182795699
mautoservicio	0.0261438719595379	0.0146619254934112	0.00940860215053763
mpayroll	0.0230169055173727	0.0391267115474032	0.0161290322580645
mextraccion_autoservicio	0.0220200296691164	0.00881114503906203	0.00806451612903226
mtarjeta_visa_consumo	0.0191141411450475	0.0173779526465927	0.0147849462365591
Visa_msaldototal	0.0176492403842683	0.0215770233602251	0.0228494623655914
cpayroll_trx	0.0166803789593804	0.0116138648995713	0.00268817204301075
Visa_msaldopesos	0.0150710080434371	0.0367768078004619	0.0389784946236559
Visa_Finiciomora	0.00834669307580687	0.0288567285327825	0.00672043010752688
Visa_mpagominimo	0.006411563510025	0.0310322807225949	0.0349462365591398
Visa_mpagospesos	0.00565012595406077	0.023712807639458	0.0349462365591398
Visa_fechaalta	0.00484518026943238	0.0312977320831034	0.0376344086021505
Master_status	0.00476891183427897	0.00715675239501517	0.0134408602150538
Master_Finiciomora	0.0046834223674104	0.0173948378442823	0.00403225806451613
ctarjeta_visa_transacciones	0.0039883506019379	0.0129130069561366	0.00940860215053763
mtarjeta_master_consumo	0.00387754099705163	0.00533201396917161	0.00403225806451613
Visa_mconsumototal	0.00346728504962764	0.00823768002615779	0.0174731182795699
ctarjeta_debito_transacciones	0.00324672432411993	0.00685903187589404	0.00537634408602151
Visa_mpagado	0.00289101130154788	0.00433433809177824	0.00403225806451613
cproductos	0.00260809737259492	0.00997733845941775	0.00268817204301075
Visa_cconsumos	0.00250983945626513	0.00922301900735193	0.0147849462365591
cliente_edad	0.00230927111730518	0.0194464859778095	0.0174731182795699
mrentabilidad_annual	0.00221105596781419	0.0166354052689724	0.0120967741935484
Master_fechaalta	0.0018266769637987	0.019135269191521	0.0268817204301075
mcuenta_debitos_automaticos	0.00174150140912634	0.0215857780974074	0.0174731182795699
thomebanking	0.00162825988741935	0.00763390043518327	0.0161290322580645
mactivos_margen	0.00149119981592332	0.0094781103477991	0.00806451612903226
Master_msaldopesos	0.00147030758593706	0.012962168744304	0.021505376344086
Visa_Fvencimiento	0.00135391061194737	0.00810409968140783	0.0134408602150538
Master_msaldototal	0.00134588774653049	0.0131429785922745	0.0120967741935484
tcallcenter	0.00134122163331389	0.0108445033523806	0.00806451612903226
Visa_mfinanciacion_limite	0.00132810414687894	0.00480302866937121	0.00537634408602151
Master_mlimitecompra	0.00125617058083585	0.00704033965883161	0.0147849462365591
Master_mfinanciacion_limite	0.00119273454216987	0.00645435938496381	0.0161290322580645
ccaja_ahorro	0.00109235304798023	0.00580693244978564	0.00134408602150538
mpagomiscuentas	0.00108026087944356	0.0128676874422674	0.00940860215053763
Visa_mlimitecompra	0.00102328521025468	0.00603742431648616	0.00940860215053763
cmobile_app_trx	0.000981155770064112	0.0176214502773587	0.0497311827956989
mrentabilidad	0.00084421306140495	0.0110211141965243	0.00806451612903226
Master_delinquency	0.000820178832223123	0.00549510625055237	0.00537634408602151
mplazo_fijo_dolares	0.000784959980717876	0.00580693244978564	0.00134408602150538
Master_mpagospesos	0.000775556540407435	0.00534755399926353	0.00672043010752688
matm	0.000768886882067878	0.00691983196493373	0.00672043010752688
Master_fultimo_cierre	0.000458093062010467	0.00368649497214998	0.00806451612903226
Visa_mconsumospesos	0.000449691404740159	0.00682405008649056	0.0174731182795699
mcomisiones_mantenimiento	0.000436742159656163	0.00258162187139657	0.00268817204301075
ccajas_transacciones	0.000412446476895468	0.00624034396336792	0.010752688172043
cliente_antiguedad	0.00035267135320269	0.00518988697946436	0.00806451612903226
mcomisiones_otras	0.000352559562173013	0.00882284279485576	0.0120967741935484
mpasivos_margen	0.000341414974534643	0.00251302575578279	0.00268817204301075
tmobile_app	0.000338029460279827	0.00602692309098645	0.010752688172043
Master_mpagominimo	0.000321941664624553	0.00641638998575787	0.00806451612903226
mcomisiones	0.000297622680351754	0.00349562237872541	0.00403225806451613
Visa_mconsumosdolares	0.000288318883701344	0.00680602038156325	0.0161290322580645
Visa_mpagosdolares	0.000279948218094091	0.00337628891952601	0.00672043010752688
active_quarter	0.00027752758623779	0.00126890922901206	0.00134408602150538
Master_mconsumototal	0.000259044295806013	0.00431841903656213	0.00403225806451613
Master_madelantodolares	0.00023462594594658	0.00244994408413276	0.00537634408602151
Visa_fultimo_cierre	0.000229920616785786	0.000860446486839906	0.00134408602150538
Master_cconsumos	0.000229062843539053	0.00437314729174955	0.00806451612903226
Master_Fvencimiento	0.000221910181621577	0.0043825783286633	0.0134408602150538
numero_de_cliente	0.000196359466747474	0.00608693540231704	0.00806451612903226
mttarjeta_visa_debitos_automaticos	0.000166098175623353	0.00605774303588898	0.00268817204301075
mtransferencias_emitidas	0.000157807202122277	0.00360898805018507	0.00268817204301075
Master_mconsumosdolares	0.000133474527361316	0.00303162873992637	0.00672043010752688
Master_msaldodolares	0.000107522814713612	0.00253093655086721	0.00268817204301075
ctarjeta_master	9.89788619794845e-05	0.000953463711436014	0.00134408602150538
mcaja_ahorro_dolares	9.76689445980295e-05	0.00184823798354353	0.00403225806451613
Master_madelantopesos	9.22453666745993e-05	0.00141039707831381	0.00403225806451613
cseguro_accidentes_personales	6.03572474540152e-05	0.00261095544326305	0.00403225806451613
Visa_madelantopesos	4.15619495107765e-05	0.00104023073741553	0.00268817204301075
foto_mes	4.01868343511545e-05	0.000318500014165135	0.00134408602150538
Master_mpagado	3.7045010214354e-05	0.000444811994768799	0.00134408602150538
Visa_madelantodolares	3.60292236712824e-05	0.00090176765724214	0.00134408602150538
Master_mconsumospesos	3.11724071105244e-05	0.00333838640710669	0.00672043010752688
Master_mpagosdolares	2.74888740118344e-05	0.00296127870413005	0.00940860215053763
