Feature	Gain	Cover	Frequency
cdescubierto_preacordado	0.286963182169047	0.0374921444705246	0.0322147651006711
mcuentas_saldo	0.129430277529393	0.0286916099307736	0.0281879194630873
mcaja_ahorro	0.0847703875265704	0.025499217296647	0.010738255033557
Visa_status	0.074656609901733	0.0311950486623856	0.0134228187919463
mtarjeta_visa_consumo	0.0657084477951546	0.0178226968450556	0.00805369127516779
ctrx_quarter	0.06032999081284	0.0304316960441944	0.0134228187919463
mprestamos_personales	0.0394160405290336	0.0544426739487478	0.0389261744966443
mpayroll	0.0362785307074189	0.0510612950283426	0.0241610738255034
mcuenta_corriente	0.0282426873453968	0.0348261463123493	0.0268456375838926
Visa_delinquency	0.0254726790749218	0.0190232155507807	0.0147651006711409
Visa_mpagospesos	0.0190523462800059	0.0206752072229548	0.0268456375838926
Visa_mpagominimo	0.0133914218443445	0.0245045173657235	0.0281879194630873
ctarjeta_debito_transacciones	0.011858490023219	0.00791432537256276	0.00536912751677852
Master_status	0.0109854279263341	0.00816077479988852	0.00671140939597315
internet	0.0107608349809648	0.0142697531903604	0.0241610738255034
Visa_Finiciomora	0.0106435420962264	0.022223170287144	0.00671140939597315
mautoservicio	0.00904152151087761	0.0149064571634962	0.0161073825503356
ctarjeta_visa_transacciones	0.00659533657925478	0.019281564060107	0.010738255033557
Master_delinquency	0.00455172661388538	0.0137286321277747	0.00939597315436242
Visa_msaldototal	0.00448573825790797	0.0266727274424847	0.0268456375838926
Visa_msaldopesos	0.00419271728291925	0.0279829665819289	0.0281879194630873
matm	0.00400839916226082	0.00575335341313239	0.00134228187919463
ccaja_seguridad	0.00381265284407509	0.0172600602393972	0.00402684563758389
Visa_mconsumototal	0.0035561455267258	0.00758505362200546	0.0174496644295302
Master_msaldopesos	0.0027463703575832	0.0127888697282906	0.0174496644295302
thomebanking	0.00252860509512229	0.0163599197212528	0.0281879194630873
Visa_fechaalta	0.00240735920609427	0.0287197598011251	0.0335570469798658
Master_fechaalta	0.00214537110149581	0.0128704182017783	0.0241610738255034
mpasivos_margen	0.00199858871488383	0.0084673528804423	0.00939597315436242
cliente_edad	0.00199257155984915	0.0186413330694722	0.0147651006711409
mactivos_margen	0.0018642395206141	0.0159675960900206	0.010738255033557
tcallcenter	0.00180002651370827	0.0165383470449145	0.010738255033557
mrentabilidad	0.00176061826013491	0.00557811439547701	0.00671140939597315
Master_mlimitecompra	0.00164365354119895	0.00864334295401603	0.0174496644295302
cproductos	0.00139980126551266	0.0121786147047501	0.00402684563758389
cextraccion_autoservicio	0.00139546094521547	0.00570474831394573	0.00134228187919463
Master_mpagospesos	0.00130632511309453	0.00675040959791735	0.0147651006711409
Visa_msaldodolares	0.00129651490536385	0.00329337283867828	0.00402684563758389
Master_mpagominimo	0.00129462898696834	0.019090803220139	0.0161073825503356
mcuenta_debitos_automaticos	0.00129213647604072	0.0134049785700184	0.00671140939597315
cmobile_app_trx	0.00124751755334475	0.0215127892010765	0.051006711409396
ccaja_ahorro	0.0012353822869335	0.00575335341313239	0.00134228187919463
Master_mfinanciacion_limite	0.00121098271103109	0.00515599887948348	0.0120805369127517
Visa_mfinanciacion_limite	0.001184805362765	0.0049548631592316	0.0120805369127517
mextraccion_autoservicio	0.00116177668063538	0.00661747270036913	0.00402684563758389
mrentabilidad_annual	0.0011547231022943	0.0108351523858587	0.00805369127516779
Master_msaldototal	0.00109813863429064	0.00964021505646807	0.0174496644295302
mplazo_fijo_dolares	0.00101232808904891	0.00575335341313239	0.00134228187919463
mtarjeta_master_consumo	0.000912571298165908	0.00702170277689525	0.00536912751677852
Visa_mlimitecompra	0.000828117970838961	0.00943041273998188	0.00805369127516779
Visa_Fvencimiento	0.000827724314175816	0.00968963011791961	0.0161073825503356
ctarjeta_visa	0.000792841927354783	0.0022786447499321	0.00134228187919463
mpagomiscuentas	0.000711197267140728	0.00720370129781579	0.00402684563758389
Visa_mconsumospesos	0.000679974503359931	0.0067942064665679	0.0147651006711409
Master_msaldodolares	0.000628571743643287	0.0063148192551534	0.00536912751677852
cliente_antiguedad	0.000622515714521263	0.00523851194439571	0.00671140939597315
Master_Finiciomora	0.000582633571945893	0.00575335341313239	0.00134228187919463
numero_de_cliente	0.000559351527867994	0.00978998444253935	0.0147651006711409
Visa_cadelantosefectivo	0.000542482056682681	0.00066143727538826	0.00134228187919463
Visa_mpagosdolares	0.000492757523958923	0.005191298507646	0.00939597315436242
tmobile_app	0.000481991362480932	0.0093377604201719	0.0214765100671141
mcomisiones_otras	0.0004552466179765	0.0039571074615815	0.00536912751677852
Master_Fvencimiento	0.00039625404182034	0.00578992689103878	0.0134228187919463
cprestamos_prendarios	0.000368867552829896	0.00575335341313239	0.00134228187919463
active_quarter	0.000350887551782742	0.000595705155945864	0.00134228187919463
mcaja_ahorro_dolares	0.000338804343157468	0.00339857957359404	0.00805369127516779
cseguro_accidentes_personales	0.000322379360585413	0.00611314601448937	0.00536912751677852
Visa_mconsumosdolares	0.0002941200302675	0.00729223753666147	0.0161073825503356
mtransferencias_recibidas	0.000256809992092377	0.00515941544758264	0.00268456375838926
Visa_cconsumos	0.000249330853809057	0.00147927826412657	0.00536912751677852
Master_mpagosdolares	0.000204973063879471	0.00318728987185778	0.00805369127516779
mcomisiones_mantenimiento	0.000197198723328946	0.0053315986985114	0.00134228187919463
Master_cconsumos	0.000185681735934127	0.00266497466040418	0.00805369127516779
ccajas_transacciones	0.000182500687492348	0.00462228528997489	0.010738255033557
Master_mconsumospesos	0.000167173064674647	0.002909568537814	0.00805369127516779
Master_mconsumosdolares	0.000164952173726046	0.00293165841776552	0.00939597315436242
Visa_madelantopesos	0.000152017816480453	0.00138271603556518	0.00402684563758389
Master_madelantodolares	0.000127858035864453	0.00361670977482195	0.00805369127516779
mtransferencias_emitidas	0.000113716529718216	0.00280273451507515	0.00402684563758389
ctarjeta_master	9.4495751000817e-05	0.00152843561031202	0.00134228187919463
Master_fultimo_cierre	9.07231540514404e-05	0.00179615759203108	0.00268456375838926
foto_mes	6.64257489192764e-05	0.00165894262106558	0.00268456375838926
Visa_madelantodolares	5.87679803490859e-05	0.00113174554614268	0.00268456375838926
Visa_fultimo_cierre	4.19918709010373e-05	0.000312623344367179	0.00134228187919463
mcomisiones	2.60513908121358e-05	0.00104768618963384	0.00268456375838926
Master_mconsumototal	1.62373870610255e-05	0.000363304892269275	0.00134228187919463
Master_madelantopesos	1.61450293534827e-05	0.000551525396042831	0.00134228187919463
mttarjeta_visa_debitos_automaticos	1.4598426260495e-05	0.00129034352090125	0.00268456375838926
