Feature	Gain	Cover	Frequency
ctrx_quarter	0.203315515853923	0.0277329791137323	0.0217257462686567
mcaja_ahorro	0.0821807316023245	0.0146088785797968	0.0200186567164179
cpayroll_trx	0.055075018296639	0.0255611440433493	0.00381529850746269
mpayroll	0.0416685520758743	0.0241760769856965	0.0082089552238806
mpasivos_margen	0.0409975105121323	0.016542606547499	0.0190671641791045
mcuentas_saldo	0.0358205749259905	0.0225025125131512	0.0254011194029851
mprestamos_personales	0.0347887491990564	0.0334240488907069	0.0103171641791045
mtarjeta_visa_consumo	0.0331431121580712	0.0156560260921826	0.013125
mrentabilidad_annual	0.0223817372785197	0.0230064844255506	0.032919776119403
cproductos	0.0217328907784171	0.0162141023899666	0.0112686567164179
Visa_msaldopesos	0.0187415513027336	0.0122298193300801	0.0158768656716418
mcuenta_corriente	0.0183772581931256	0.0165063903451298	0.0196641791044776
cprestamos_personales	0.0178823798406016	0.008029401416076	0.00479477611940299
mactivos_margen	0.0148997249958496	0.0185624348115733	0.0246082089552239
mcomisiones_mantenimiento	0.0143835842553187	0.0191568383997544	0.0138246268656716
ctarjeta_visa_transacciones	0.0139529417971824	0.0164191004434936	0.0147108208955224
Master_status	0.013481789515172	0.010009794483909	0.0023134328358209
Visa_msaldototal	0.0124993917149857	0.00919755750867349	0.011660447761194
Master_fechaalta	0.0104553923573745	0.0147131554665848	0.0265578358208955
Visa_mpagominimo	0.010453965092883	0.0121543873980614	0.0181529850746269
cdescubierto_preacordado	0.00998958876930237	0.0102591207247837	0.00271455223880597
mrentabilidad	0.00972396287725662	0.00913028979408011	0.0191324626865672
cliente_edad	0.00956743540834269	0.0196265256566338	0.0304757462686567
Visa_fechaalta	0.00943323455506122	0.0106537507083186	0.0255503731343284
mautoservicio	0.00850864414648098	0.0128404428240222	0.0115111940298507
Visa_status	0.0078602816095184	0.00860154299356133	0.00209888059701493
Visa_mpagospesos	0.00775133856074291	0.00689600684467951	0.0161194029850746
Visa_Fvencimiento	0.00770305423636953	0.0119303326298645	0.0244682835820896
Master_Fvencimiento	0.00758979349055561	0.0105693070987156	0.0257835820895522
chomebanking_transacciones	0.00756905001664653	0.0179656636033494	0.0212779850746269
numero_de_cliente	0.00745551061229966	0.013043797437049	0.0264832089552239
mtransferencias_recibidas	0.00700922980173956	0.00950286203040696	0.0184421641791045
cliente_antiguedad	0.00697661581105962	0.0128732758088898	0.0237873134328358
Visa_mfinanciacion_limite	0.00619248544625873	0.0132331837089789	0.0186847014925373
mcomisiones_otras	0.00616375363423523	0.00858564506245043	0.0180597014925373
ccomisiones_mantenimiento	0.00616160393199603	0.0132531261173567	0.00582089552238806
Master_mfinanciacion_limite	0.00569808813240638	0.0108632049271294	0.0204291044776119
mcomisiones	0.00567605656233755	0.00907002423786632	0.0158675373134328
ccaja_seguridad	0.00512310808674844	0.0147956171032014	0.00248134328358209
mcaja_ahorro_dolares	0.00503624241746998	0.0105840520023277	0.0172108208955224
foto_mes	0.00498434127650184	0.0123024415478309	0.0102611940298507
mcuenta_debitos_automaticos	0.0049770159722049	0.013540006433761	0.0110541044776119
Visa_mlimitecompra	0.00483711089652767	0.00954474312009836	0.0142070895522388
Visa_mconsumospesos	0.00471872594960778	0.010671443207816	0.0160261194029851
Master_mlimitecompra	0.00471098995110314	0.00723507595535231	0.0159794776119403
tcallcenter	0.00434430127819724	0.004310361343898	0.00301305970149254
ccomisiones_otras	0.00405717184965695	0.00490874603799129	0.0088339552238806
ccallcenter_transacciones	0.00404201181370136	0.0119493611962129	0.00487873134328358
Master_msaldopesos	0.00391309370250976	0.00620025514987269	0.00801305970149254
Visa_cconsumos	0.0037538470010653	0.00712316199243147	0.0129664179104478
ccaja_ahorro	0.00370805777418708	0.0153581224716282	0.00442164179104478
mtransferencias_emitidas	0.00368193918327359	0.0167089477736092	0.0130410447761194
Master_mpagominimo	0.00335721964997582	0.00549125929351152	0.00691231343283582
internet	0.00319311077060066	0.00635098730384984	0.00280783582089552
Visa_mconsumototal	0.00317821400502822	0.0075242808414255	0.0109981343283582
mttarjeta_visa_debitos_automaticos	0.00301056772374764	0.00578031440643049	0.0108582089552239
thomebanking	0.0029988231135194	0.00547342228926237	0.00400186567164179
Visa_fultimo_cierre	0.00297042491810191	0.00482022619018115	0.0108488805970149
mextraccion_autoservicio	0.00290098967012083	0.00333542481282351	0.00583022388059702
ctarjeta_visa	0.00287993088958917	0.00158199572499792	0.00105410447761194
Master_fultimo_cierre	0.00281073470788672	0.00631430055788263	0.0111473880597015
cextraccion_autoservicio	0.00253469708492175	0.00346775217929754	0.00469216417910448
ctarjeta_debito_transacciones	0.00251154327931828	0.00646364772412922	0.00802238805970149
ctransferencias_recibidas	0.00249793988483277	0.00409328404785227	0.00886194029850746
mtarjeta_master_consumo	0.0024300930602706	0.00425144720816512	0.00382462686567164
mpagomiscuentas	0.00233823762517087	0.00853566071827587	0.00857276119402985
ccajas_transacciones	0.00229765312550943	0.0028450494428367	0.00159514925373134
ccajas_consultas	0.00219565491512066	0.0078961842916979	0.00180037313432836
tmobile_app	0.00215629091463377	0.00883386855143797	0.00150186567164179
ctarjeta_visa_debitos_automaticos	0.00197934709481787	0.0046699704503076	0.00692164179104478
Master_mpagospesos	0.0019700799745423	0.00748903146616138	0.0075
cmobile_app_trx	0.00193038239651352	0.00523156724510743	0.00475746268656716
Master_msaldototal	0.00190710785754168	0.00459439627142385	0.0059794776119403
ctransferencias_emitidas	0.00186871667630948	0.0047205495218513	0.00623134328358209
ctarjeta_debito	0.0018659385075191	0.00345172675284833	0.00608208955223881
Visa_mconsumosdolares	0.00170272758621143	0.00430280133696615	0.00624067164179104
ccuenta_debitos_automaticos	0.0014507677781328	0.00419298028453393	0.00479477611940299
active_quarter	0.0013782567209283	0.000286387946567716	0.000531716417910448
Master_mconsumospesos	0.00129633615564579	0.0038183023430269	0.00528917910447761
mplazo_fijo_dolares	0.00126169351344377	0.0102864723132586	0.00189365671641791
cpagomiscuentas	0.00114768359140986	0.00450041790714011	0.00460820895522388
ccajas_otras	0.00110882355973816	0.00451067127190948	0.000970149253731343
cplazo_fijo	0.00110553147185458	0.00621093660996927	0.00131529850746269
Master_cconsumos	0.00109383338724041	0.00319809547457612	0.00392723880597015
Master_mconsumototal	0.00106389735115195	0.00272767545818444	0.00374067164179105
ctarjeta_master	0.0010187083042542	0.00047012122271217	0.000718283582089552
minversion2	0.00100846602101078	0.0135033636413225	0.00155783582089552
matm	0.000932527684436296	0.00298900733446994	0.00420708955223881
mprestamos_prendarios	0.000869175876221951	0.0116321004115256	0.00122201492537313
ctarjeta_master_transacciones	0.000866722820333294	0.00149678428337515	0.00196828358208955
Visa_mpagado	0.000846059861115674	0.00225151017370231	0.00243470149253731
catm_trx	0.000835540374687225	0.00208069486974016	0.00283582089552239
Master_mpagosdolares	0.000700187368037939	0.00592686811519378	0.00196828358208955
Master_Finiciomora	0.000682576861208842	0.0144047094717575	0.00114738805970149
Visa_Finiciomora	0.000640869190379806	0.00903969750728785	0.00140858208955224
Visa_mpagosdolares	0.000519114294908814	0.000696459467039092	0.00127798507462687
mcheques_emitidos	0.000507212942537181	0.00556312301184116	0.000736940298507463
Visa_msaldodolares	0.000396927229999675	0.00217252493004709	0.00132462686567164
cseguro_accidentes_personales	0.000391275936462692	0.00176240027397427	0.00122201492537313
Master_mconsumosdolares	0.000352615686569344	0.000667092789905424	0.00118470149253731
tcuentas	0.000317023841420438	0.00344731679898001	0.000718283582089552
mttarjeta_master_debitos_automaticos	0.000311398357481367	0.00222658581348033	0.00135261194029851
cseguro_vida	0.000285191459880385	0.00270421631593543	0.000755597014925373
matm_other	0.000241052795767183	0.00170789594158393	0.00176305970149254
cseguro_auto	0.000232783905767563	0.00513337250311248	0.000643656716417911
Master_mpagado	0.000192850304837106	0.00246725110184542	0.00111007462686567
ccheques_emitidos	0.000190518995269101	0.00243716250305587	0.000363805970149254
cprestamos_prendarios	0.000181622068548819	0.00156056777766644	0.000242537313432836
cseguro_vivienda	0.000172138928273254	0.00075520787388474	0.000569029850746269
minversion1_pesos	0.000159252928897596	0.00500185376114542	0.000503731343283582
Master_madelantopesos	0.000144831467120842	7.44788027599237e-05	0.000242537313432836
ctarjeta_master_debitos_automaticos	0.000138335032234814	0.000521400690724766	0.000634328358208955
mtarjeta_visa_descuentos	0.000138310413853296	0.0034319588038532	0.000466417910447761
ccheques_depositados	0.000136035646387473	0.00229876909804754	0.000298507462686567
Visa_delinquency	0.000121802520356201	0.000375506435417366	0.000261194029850746
catm_trx_other	0.000120518957651726	0.000637530128202123	0.000736940298507463
mcheques_depositados	0.00011692813270761	0.00136244137666503	0.000289179104477612
ccajas_extracciones	9.82700533651925e-05	0.000537336403807229	0.000261194029850746
mcaja_ahorro_adicional	9.35750365664505e-05	0.0025725884427756	0.000317164179104478
Master_msaldodolares	8.9584900394353e-05	0.000900684570669741	0.000578358208955224
Visa_madelantodolares	7.25033624326022e-05	8.26467833298244e-05	8.3955223880597e-05
cprestamos_hipotecarios	7.09711868739237e-05	0.00295837021972666	0.000233208955223881
cinversion2	6.89189195329162e-05	0.000669817758157399	0.000130597014925373
mprestamos_hipotecarios	4.57608476541636e-05	0.00177642912643606	0.000139925373134328
Master_delinquency	2.83388684462178e-05	0.000446727709704606	0.000251865671641791
Master_madelantodolares	2.40936658620811e-05	2.61925399448374e-05	9.32835820895522e-05
ccajas_depositos	2.01319451320982e-05	0.000453559472897676	7.46268656716418e-05
Visa_madelantopesos	1.6751769989033e-05	2.69870150281895e-05	7.46268656716418e-05
cinversion1	1.47460767634127e-05	8.66069661581516e-05	2.79850746268657e-05
Visa_cadelantosefectivo	1.239075145931e-05	3.13474459138553e-05	1.86567164179104e-05
Master_cadelantosefectivo	1.18535464205659e-05	1.47986413167102e-05	3.73134328358209e-05
mforex_sell	1.0426665607685e-05	0.000451388439527614	0.000111940298507463
mcajeros_propios_descuentos	3.18648139787211e-06	0.000147327260762783	2.79850746268657e-05
cforex	2.00439306631522e-06	3.93779964437597e-05	1.86567164179104e-05
ctarjeta_visa_descuentos	1.81720914619222e-06	8.00502135708581e-05	3.73134328358209e-05
mtarjeta_master_descuentos	1.43761843192467e-06	8.4072111970268e-05	4.66417910447761e-05
cforex_sell	1.27318368516775e-06	2.27271353656535e-05	1.86567164179104e-05
ccajeros_propios_descuentos	8.18462650597343e-08	5.72554921285799e-06	9.32835820895522e-06
