Feature	Gain	Cover	Frequency
recibe_sueldo	0.096228901942065	0.0412172035909149	0.00154320987654321
mpasivos_margen_lag1	0.0578022886797723	0.0181765617516048	0.00474833808167142
disminuye_saldo_ahorro	0.051016774494566	0.0165938877453592	0.00462962962962963
deudas	0.0506157886145243	0.0240715591402748	0.00712250712250712
ctrx_quarter_lag2	0.0469699451470726	0.0046428200566321	0.000474833808167142
active_quarter_lag3	0.0459412795500365	0.000601622547914394	0.00237416904083571
cajaahorro_saldo_pos	0.0457449076635291	0.00453797464773458	0.00462962962962963
mpasivos_margen	0.0395285112059172	0.0225265014973968	0.0065289648622982
disminuye_saldo_corriente	0.038745564970524	0.0146903440015023	0.0151946818613485
ctrx_quarter_lag1	0.0344283108059677	0.0143621789976105	0.00106837606837607
ctrx_quarter	0.0331689409109405	0.0244408825821591	0.00379867046533713
tiempo_sin_disminuir	0.0258548679387623	0.00264489292561749	0.00332383665716999
mtarjeta_visa_consumo	0.023277385060274	0.00812202872131791	0.00201804368471035
ctrx_quarter_lag3	0.0208542377179107	0.0109948717421346	0.00178062678062678
Visa_mpagominimo	0.0204424637826878	0.00745238895762599	0.00735992402659069
usa_tarjeta_debito	0.0176817755939797	0.0207259547155471	0.00878442545109212
tiempo_sin_aumento	0.0163198809660749	0.015570167189394	0.0130579297245964
ctarjeta_master	0.0140343477594935	0.00159698304943238	0.00332383665716999
activos	0.011221131066719	0.00911500594613462	0.00439221272554606
ctarjeta_debito_transacciones	0.0111958632980111	0.00557271551269832	0.00213675213675214
usa_tarjeta_visa	0.0105242483472638	0.0209780706735184	0.00284900284900285
Visa_status	0.0105105965173344	0.0132501458419905	0.00284900284900285
cdescubierto_preacordado	0.0104332884189948	0.00892001825665017	0.00320512820512821
mpayroll_lag1	0.00937076667013442	0.0202180259058237	0.00308641975308642
mprestamos_personales	0.00920522378859974	0.00843729682038329	0.00617283950617284
disminuyo_tarjetas	0.00873605841227645	0.00674098555378704	0.000830959164292498
Visa_msaldototal_lag1	0.0080665563755293	0.00271471167338968	0.00249287749287749
aumento_saldo_ahorro	0.00737833234479593	0.019222989117086	0.0146011396011396
mcaja_ahorro	0.00712090455241361	0.00454684625451036	0.001661918328585
mcuentas_saldo	0.00636279646105844	0.00692855130677267	0.00356125356125356
Visa_msaldopesos_lag1	0.00628341995057972	0.004625986992057	0.00296771130104463
mprestamos_personales_lag1	0.00628196213370225	0.00352105206015552	0.00427350427350427
mcaja_ahorro_lag3	0.00488493604498431	0.00209061689043774	0.00261158594491928
saldo_pos	0.00485927652486704	0.00426896463582373	0.00830959164292498
tcallcenter	0.00480401359557539	0.0146557489574173	0.00842830009496676
mpayroll	0.00478221870018062	0.0113253261929363	0.00296771130104463
mcomisiones_otras_lag3	0.00475341050755027	0.00573331927512846	0.0056980056980057
total_tarjetas	0.00458858452706438	0.00208353743267748	0.000356125356125356
matm	0.00425246018262831	0.00113431773107479	0.00213675213675214
mpayroll_lag3	0.00425055359634938	0.0154933158987572	0.00427350427350427
Master_status	0.00412040941426247	0.00498243229507323	0.000830959164292498
mcomisiones_otras	0.00388217190906231	0.00440259233322967	0.00605413105413105
aumento_saldo_corriente	0.00370655232438729	0.00410998882027419	0.00949667616334283
tiempo_sin_aumento_cc	0.00370259268824136	0.00213478257324431	0.00320512820512821
mcomisiones_lag2	0.00359909501564004	0.00520901247531819	0.00427350427350427
mcomisiones_otras_lag2	0.00356920662886074	0.00814195347751926	0.00474833808167142
Visa_msaldototal	0.00332291763952593	0.00708088866458147	0.00273029439696106
balance	0.00312632558458459	0.00265726438361207	0.00356125356125356
mrentabilidad_annual_lag2	0.00304428733489315	0.00572167030652757	0.0040360873694207
mcomisiones_otras_lag1	0.00281427617230224	0.00376716760296757	0.00451092117758784
mcaja_ahorro_lag1	0.00273332790758446	0.00589056393102688	0.00273029439696106
mprestamos_personales_lag3	0.00272067143676144	0.00185290380544453	0.00249287749287749
thomebanking	0.0026225816253622	0.00261234806247439	0.00925925925925926
mcomisiones_mantenimiento	0.00223752432372931	0.00987744806499935	0.00178062678062678
tiempo_sin_disminuir_cc	0.00223352287601754	0.0019135178506815	0.00320512820512821
Visa_madelantopesos	0.00220074106056997	0.00669869646680824	0.00249287749287749
matm_lag1	0.00201443025621841	0.00088738117758809	0.00154320987654321
balance_transferencias	0.00200193730785617	0.00434595667114757	0.00546058879392213
recibe_transferencias	0.00195957963760487	0.00333125315813485	0.011039886039886
Visa_cadelantosefectivo	0.00193587717771933	0.00917197470397616	0.00142450142450142
tiene_debito_automatico	0.00192743904628069	0.00548885044515527	0.00902184235517569
mcuenta_corriente	0.00183781314186875	0.00143062282930056	0.00308641975308642
mcomisiones_lag3	0.00182173369845993	0.00263452473366906	0.00296771130104463
foto_mes	0.00180330037247313	0.00193063240463077	0.00273029439696106
Visa_fechaalta_lag2	0.00160657314309493	0.0011441370187436	0.0040360873694207
active_quarter_lag2	0.00155580500628574	0.000235447095531179	0.000949667616334283
mrentabilidad_annual_lag3	0.00152026525331683	0.00361201535141711	0.00546058879392213
mactivos_margen	0.0014984633335892	0.00421577721857516	0.00451092117758784
Visa_mpagosdolares	0.00148513179992214	0.000961624000024246	0.00237416904083571
mcuenta_corriente_lag2	0.00141244346678139	0.00336075324454739	0.00356125356125356
mcuenta_corriente_lag3	0.00137405034596481	0.00186168158242892	0.00296771130104463
mrentabilidad_annual_lag1	0.0013399197165858	0.00290411649028652	0.00344254510921178
mrentabilidad	0.00130491597410325	0.0010036128316706	0.00415479582146249
mcomisiones_lag1	0.00130153959417131	0.00410885817128795	0.00641025641025641
mpayroll_lag2	0.00128735991238016	0.00717696567947374	0.00367996201329535
Visa_fechaalta_lag1	0.00127318501136114	0.00162226548672201	0.00379867046533713
mprestamos_personales_lag2	0.00126964720350015	0.00141282800936373	0.00142450142450142
Master_fechaalta	0.00126638400832688	0.00283768968947303	0.00985280151946819
Visa_msaldopesos	0.00123083250283324	0.00321660253603723	0.00308641975308642
mrentabilidad_annual	0.00119210852393507	0.00316164173573141	0.00498575498575499
thomebanking_lag1	0.00116426083732742	0.00202823884512266	0.00759734093067427
mcomisiones	0.00116264004953662	0.00315517217161518	0.00391737891737892
tiempo_sin_disminuir_ah	0.00114775950939782	0.000722822489450928	0.000593542260208927
thomebanking_lag3	0.00114599768196893	0.00113687459289013	0.00451092117758784
ccomisiones_otras_lag2	0.00113909387155295	0.00179875932432379	0.000356125356125356
Visa_Fvencimiento	0.00110942377060129	0.00154353760025748	0.00593542260208927
mcaja_ahorro_lag2	0.00108425886129914	0.000752970001424055	0.001661918328585
tiene_visa	0.00100657863364673	0.00505329255352983	0.00142450142450142
mpasivos_margen_lag2	0.00099913230675751	0.00270952757741547	0.00201804368471035
cmobile_app_trx	0.000971058123627341	0.00390424354520704	0.0122269705603039
Master_fechaalta_lag3	0.000916804787191952	0.00308319064715148	0.00819088319088319
mcuentas_saldo_lag2	0.000906617571396234	0.00273774688717556	0.00261158594491928
ccajas_transacciones	0.000885055372937691	0.00304608096465733	0.00213675213675214
mcuenta_debitos_automaticos	0.00086311887783121	0.00402652252934454	0.00498575498575499
Visa_mpagominimo_lag1	0.000851066626291929	0.00107212265385292	0.00237416904083571
ctarjeta_visa_transacciones	0.000849549937095683	0.00707449885578792	0.00142450142450142
ctarjeta_visa	0.000848566823266263	0.00781030269687745	0.000712250712250712
disminuyo_debito_automatico	0.00083048679080776	0.00230910425117545	0.00664767331433998
mautoservicio	0.00082068689331351	0.00773048169334324	0.00522317188983856
Master_fechaalta_lag2	0.000804800882243426	0.00223070007749121	0.00783475783475784
mcuenta_debitos_automaticos_lag3	0.000770150436371676	0.00181211599512794	0.00462962962962963
aumento_transferencias_recibidas	0.000767334209589121	0.00116676407293694	0.00783475783475784
Master_madelantodolares	0.000725458159681809	0.00174199699202331	0.00546058879392213
cprestamos_personales	0.000708485353214474	0.000373878878256212	0.000118708452041785
hace_transferencias	0.000704938309919966	0.00201734520634245	0.00830959164292498
mcuentas_saldo_lag1	0.000698829827433937	0.00269929543866455	0.00356125356125356
Master_mpagospesos	0.000666990550112792	0.00218378518179696	0.00367996201329535
mtransferencias_recibidas	0.000663361730276202	0.00188015197686375	0.00474833808167142
Master_cconsumos_lag1	0.000652138992106568	0.0012719707265313	0.00154320987654321
disminuyo_transferencias_recibidas	0.000645370714178204	0.00259631255112609	0.0123456790123457
mactivos_margen_lag3	0.000621472037186646	0.00165930948836219	0.00427350427350427
Visa_mconsumosdolares	0.000620945072659435	0.000882276836936555	0.00178062678062678
Master_mfinanciacion_limite_lag2	0.000597251881159002	0.00160681172008032	0.00629154795821463
mtarjeta_visa_consumo_lag1	0.000587361264974684	0.000947591754722094	0.00201804368471035
Master_mpagominimo_lag3	0.000565208063285418	0.000355159834874205	0.00130579297245964
Visa_mconsumosdolares_lag3	0.00056437782427238	0.00135364486844543	0.0040360873694207
mextraccion_autoservicio	0.000554389192815174	0.000852992559044203	0.00249287749287749
cproductos	0.000548940164891674	0.000697873147920724	0.000237416904083571
Master_mlimitecompra	0.000547916639529261	0.00270918979016647	0.00557929724596391
Master_msaldototal	0.000539557862288302	0.00201008747197855	0.00379867046533713
Visa_mconsumototal_lag2	0.000537756667462778	0.00153272371679996	0.00439221272554606
Visa_mfinanciacion_limite_lag3	0.000527913390077797	0.000438161668336477	0.00201804368471035
mcuenta_corriente_lag1	0.000520024827951462	0.000719125595670221	0.00142450142450142
Master_fechaalta_lag1	0.000506822380168381	0.00113335597571306	0.00451092117758784
Visa_mconsumototal	0.000501812864399276	0.00166443259497201	0.00391737891737892
Visa_mconsumospesos_lag2	0.000496238471256968	0.000909027710461418	0.00332383665716999
thomebanking_lag2	0.000495999972730363	0.00144079397868707	0.00546058879392213
mrentabilidad_lag1	0.000476066790099684	0.00138396596553262	0.00261158594491928
mactivos_margen_lag2	0.000475919196991667	0.000725731212983971	0.00178062678062678
mttarjeta_visa_debitos_automaticos_lag2	0.000464855421173651	0.00157860179329937	0.00546058879392213
internet_lag1	0.000456555229472929	0.000546680513566854	0.000356125356125356
Master_mpagosdolares	0.000453720490614919	0.00214214821186831	0.001661918328585
Master_msaldototal_lag2	0.000452563994665003	0.000842272505378066	0.001661918328585
active_quarter_lag1	0.000450755171374309	0.000267217862895327	0.00106837606837607
Visa_Fvencimiento_lag3	0.000450371415322114	0.000993737246126962	0.00356125356125356
Visa_mlimitecompra_lag1	0.000442277841174548	0.000473366606065445	0.00201804368471035
Master_Fvencimiento_lag3	0.000440260341763518	0.00233269775222009	0.00629154795821463
Visa_fechaalta_lag3	0.000439179633354766	0.000977434319873209	0.00391737891737892
mcomisiones_mantenimiento_lag1	0.000437052925098073	0.00918644325780826	0.00106837606837607
mactivos_margen_lag1	0.000436491137764191	0.00153924019581189	0.00296771130104463
Master_msaldopesos	0.000423972807328854	0.000896304390749137	0.00154320987654321
Master_Fvencimiento_lag1	0.000423796914118068	0.00205228742065553	0.00534188034188034
Master_mpagominimo_lag2	0.000420098868733145	0.000559033205603151	0.00237416904083571
mcaja_ahorro_dolares	0.000419802884248725	0.0013469735702777	0.00308641975308642
Visa_mconsumospesos_lag3	0.000408837472939025	0.00132822637795828	0.0040360873694207
foto_mes_lag2	0.000406828476202341	0.000345941057870284	0.000356125356125356
Visa_status_lag2	0.00040650571485914	3.21789269566882e-05	0.000237416904083571
Master_Fvencimiento_lag2	0.000393434979814008	0.00181329825049944	0.00522317188983856
numero_de_cliente_lag1	0.000390829719181136	0.000663367242137601	0.00308641975308642
Visa_fechaalta	0.000389760122012748	0.000772664874636502	0.00332383665716999
Master_mfinanciacion_limite	0.000385478330237384	0.00339814910790528	0.00546058879392213
mcuentas_saldo_lag3	0.000384816924725795	0.00259162575304624	0.00391737891737892
Master_mfinanciacion_limite_lag1	0.000373385171743019	0.0012448257678826	0.00391737891737892
Visa_mconsumospesos	0.000359890437162101	0.00105430906795781	0.00296771130104463
Master_mpagominimo_lag1	0.000358438774392526	0.00132541617570619	0.00308641975308642
pago_mis_cuentas	0.000353134045774137	0.00188223499823258	0.00842830009496676
mpagomiscuentas	0.000351998298671972	0.001669128776031	0.00308641975308642
mrentabilidad_lag3	0.000349222978220615	0.00276949419709186	0.00379867046533713
disminuyo_uso_tar_debito	0.000348540849378444	0.0015516210367856	0.00534188034188034
Visa_mpagominimo_lag3	0.000348075117272201	0.00104444286539331	0.00249287749287749
Visa_msaldopesos_lag3	0.000335516254059953	0.000875117623853612	0.00225546058879392
Visa_fultimo_cierre_lag2	0.000333605644844482	0.000592309941119085	0.00154320987654321
Visa_Fvencimiento_lag1	0.000330535181062734	0.00102458379004593	0.00296771130104463
Visa_mpagospesos	0.000328874920626703	0.00140277883870602	0.00249287749287749
Visa_mpagospesos_lag1	0.000309499905737158	0.00167420965923469	0.00344254510921178
Master_mfinanciacion_limite_lag3	0.000307005817524559	0.000777900576995981	0.00296771130104463
Master_msaldopesos_lag2	0.00030516596564849	0.000316525418269987	0.000949667616334283
Visa_mconsumosdolares_lag2	0.000304369281575421	0.00132823576093742	0.00320512820512821
cliente_edad_lag3	0.000290513217972865	0.00748089444824982	0.00356125356125356
internet_lag2	0.000285649011954153	0.000685942689945675	0.000356125356125356
Master_mlimitecompra_lag2	0.000284553699304102	0.00190190172250761	0.0040360873694207
Visa_msaldopesos_lag2	0.00028327138113978	0.00147637423558159	0.00249287749287749
Visa_mconsumototal_lag1	0.00028269816711131	0.00122711539475802	0.00308641975308642
chomebanking_transacciones_lag1	0.000278629612188349	0.00144963274503587	0.00439221272554606
cliente_edad_lag2	0.000278600086016779	0.00284826899845208	0.00261158594491928
Visa_mpagominimo_lag2	0.000276433380479163	0.000940821935273414	0.00296771130104463
Visa_mlimitecompra_lag2	0.000275724834882204	0.000476275329598489	0.00213675213675214
Visa_delinquency	0.000275061676095285	0.00148637179985404	0.000712250712250712
Master_mpagominimo	0.000272786878628474	0.0013086441004955	0.00379867046533713
Master_fultimo_cierre_lag1	0.000272269042363158	0.0027670030161305	0.00320512820512821
Master_msaldototal_lag1	0.000270609210796008	0.00190811325469753	0.00225546058879392
Master_cadelantosefectivo_lag2	0.000263506685755603	4.83927149086221e-05	0.000356125356125356
Master_madelantopesos_lag1	0.000261975659509411	0.000300344470745039	0.00189933523266857
Visa_mpagospesos_lag3	0.00025609572421424	0.00113458983746982	0.00320512820512821
Visa_msaldototal_lag2	0.000254464793674329	0.000318017311953064	0.00154320987654321
cliente_antiguedad	0.000250897021132841	0.00168393042562254	0.00261158594491928
active_quarter	0.00024818805653738	0.000122400962866306	0.000712250712250712
Visa_cconsumos_lag2	0.00024570510632645	0.00235147309347693	0.00320512820512821
mcaja_ahorro_dolares_lag2	0.000244264931174097	0.00188447753024676	0.0048670465337132
mcomisiones_mantenimiento_lag2	0.000242407028377876	0.000691708530626499	0.000237416904083571
Visa_madelantodolares_lag1	0.000240826532696629	0.00251847604767976	0.000474833808167142
Visa_mconsumototal_lag3	0.000239087247924838	0.00182136292106928	0.00391737891737892
Visa_Fvencimiento_lag2	0.000237618376501316	0.00142456611626643	0.00225546058879392
Visa_fultimo_cierre_lag3	0.000233839603123876	0.000466939265355332	0.00130579297245964
mpasivos_margen_lag3	0.000230390439908844	0.00107924902650888	0.00261158594491928
Master_madelantodolares_lag1	0.000228897330354906	0.000162414677403935	0.000949667616334283
Visa_mfinanciacion_limite_lag1	0.000220634847814668	0.000370533846193211	0.00106837606837607
Visa_cconsumos_lag3	0.000220299489480294	0.000593947270978814	0.00154320987654321
internet	0.000214994178194621	0.000240879840452573	0.000237416904083571
cliente_edad	0.000214125747411724	0.00579043816063621	0.00273029439696106
tiempo_sin_aumento_ah	0.000213085610343966	7.26430244929816e-05	0.000237416904083571
mtransferencias_emitidas	0.000212777159028013	0.00626301659645399	0.00522317188983856
Master_Fvencimiento	0.00021212880820253	0.0006125161866946	0.00308641975308642
Visa_mlimitecompra	0.000211714071448508	0.000240621808526255	0.00106837606837607
Master_fultimo_cierre	0.000210556985570936	0.0014416478297887	0.00237416904083571
Visa_mfinanciacion_limite	0.000210038830220249	0.00105800596173852	0.00237416904083571
cliente_antiguedad_lag2	0.000204521736423777	0.00233875446525421	0.00356125356125356
Master_mconsumototal	0.000203475969229907	0.00216888031943489	0.00344254510921178
Master_fultimo_cierre_lag2	0.000202991974229013	0.00091195519995274	0.00142450142450142
Master_msaldopesos_lag1	0.000202447402383904	0.000475172829549674	0.00130579297245964
chomebanking_transacciones_lag3	0.000201917828639181	0.00117370278601012	0.00273029439696106
mttarjeta_visa_debitos_automaticos_lag1	0.000200482140185919	0.000886696220110954	0.00213675213675214
mrentabilidad_lag2	0.000200083107067279	0.00184946494359014	0.00308641975308642
Visa_msaldodolares	0.000195222105123944	0.000102649791779026	0.000237416904083571
tiene_master	0.000195087874088409	0.000212294594506065	0.000474833808167142
mtransferencias_emitidas_lag3	0.000191364001522146	0.00191488307414621	0.0048670465337132
Visa_mconsumospesos_lag1	0.000186728352349541	0.000338148493695468	0.00201804368471035
Master_mconsumototal_lag2	0.000185207895405104	0.00105840942984149	0.00320512820512821
numero_de_cliente_lag3	0.000183944726226965	0.00333964623297455	0.00332383665716999
Visa_mpagospesos_lag2	0.000182567168402589	0.000482665138392046	0.00225546058879392
cliente_antiguedad_lag3	0.000178113798250008	0.0011978874147405	0.00225546058879392
mttarjeta_visa_debitos_automaticos_lag3	0.000177115431357805	0.000684629072866236	0.00308641975308642
Master_mlimitecompra_lag1	0.000174110993008784	0.00129835097238018	0.00332383665716999
mttarjeta_visa_debitos_automaticos	0.000173407467665458	0.00170968670335868	0.0040360873694207
Visa_mlimitecompra_lag3	0.000171625249785022	0.00111052249597867	0.00249287749287749
mautoservicio_lag1	0.000166515189856098	0.00336681464907109	0.00557929724596391
Master_mconsumospesos	0.000164320785782638	0.00295211512007131	0.00332383665716999
cliente_edad_lag1	0.000164254714572771	0.00113567357156036	0.000949667616334283
ccomisiones_otras_lag1	0.000163403449479408	0.00140436925367005	0.000474833808167142
mcaja_ahorro_dolares_lag3	0.000159561715207666	0.00116831226449485	0.00308641975308642
Master_mlimitecompra_lag3	0.000156683153094169	0.000416158582255873	0.00237416904083571
mextraccion_autoservicio_lag2	0.000155125161631118	0.00152655440801616	0.00356125356125356
Master_madelantodolares_lag2	0.000152466224591833	0.000410500645835146	0.00118708452041785
cdescubierto_preacordado_lag2	0.000151871121331761	0.00303073041078617	0.000949667616334283
Visa_madelantopesos_lag2	0.000144349758845196	0.000496148479414574	0.000712250712250712
mcuenta_debitos_automaticos_lag2	0.000143858285829353	0.000754654246179478	0.00213675213675214
mtransferencias_recibidas_lag2	0.000138658345607481	0.00313371329832463	0.0040360873694207
Master_fultimo_cierre_lag3	0.000137752436502381	0.00180321154792518	0.00178062678062678
cliente_antiguedad_lag1	0.000137327212667027	0.00345483168488308	0.001661918328585
Visa_delinquency_lag2	0.000137102779808728	0.000259584809365872	0.000356125356125356
aumento_transferencias_emitidas	0.00013372188158261	0.00107782750516934	0.00498575498575499
Master_msaldodolares_lag2	0.000132367507501382	0.00152355185469173	0.000593542260208927
Visa_fultimo_cierre	0.00013235845923673	0.000246228138561718	0.00130579297245964
chomebanking_transacciones	0.000131273495665131	0.000651746422474134	0.00308641975308642
Visa_cadelantosefectivo_lag2	0.00013001393618727	0.000100763812972117	0.000356125356125356
mtransferencias_emitidas_lag1	0.000128967584871983	0.00211749443418098	0.00462962962962963
Master_mconsumosdolares_lag3	0.00012874615799	0.000793875098979874	0.00142450142450142
mcomisiones_mantenimiento_lag3	0.000126632943186161	0.000445283349502865	0.000237416904083571
Master_msaldopesos_lag3	0.000122263927941691	0.00056222341851036	0.00201804368471035
Master_mpagospesos_lag1	0.000120678369820173	0.00122560473511667	0.00237416904083571
mtransferencias_emitidas_lag2	0.000116250598888283	0.001675481052908	0.00344254510921178
mautoservicio_lag2	0.000114583513919937	0.00110461591061076	0.00296771130104463
mtransferencias_recibidas_lag3	0.000114033526246623	0.00106912948350763	0.00273029439696106
mtransferencias_recibidas_lag1	0.000113578573518424	0.00208399719865528	0.00249287749287749
Master_cconsumos_lag2	0.000112009096528463	0.000546642981650299	0.00118708452041785
mtarjeta_visa_consumo_lag3	0.000111168843370888	0.000641026368807997	0.00142450142450142
numero_de_cliente_lag2	0.000109796301059881	0.000928703817715588	0.00213675213675214
Master_cconsumos	0.000107996538139113	0.00106942973884007	0.00237416904083571
Master_mconsumosdolares	0.000107105230695957	0.000679355838590202	0.001661918328585
Visa_delinquency_lag3	0.000106080153633099	0.0001927404659807	0.000356125356125356
mcuenta_debitos_automaticos_lag1	0.000104318002527781	0.00128825957831634	0.00344254510921178
Visa_mfinanciacion_limite_lag2	0.000101894254579165	0.00149963933235637	0.00154320987654321
mpagomiscuentas_lag3	0.000101499380884197	0.000978916830577147	0.00296771130104463
Visa_madelantodolares_lag3	9.8885357494238e-05	0.000124211877840105	0.000237416904083571
Master_cadelantosefectivo	9.84002910368389e-05	0.000178586241949744	0.000593542260208927
Master_mconsumototal_lag1	9.63165706319867e-05	0.000685018466500499	0.00189933523266857
ctarjeta_visa_transacciones_lag1	9.60832811820964e-05	0.000510368384299502	0.00106837606837607
mextraccion_autoservicio_lag1	9.38896183053624e-05	0.00225998435538356	0.00225546058879392
Master_msaldototal_lag3	9.11240099626212e-05	0.000243652510788104	0.00118708452041785
Visa_cconsumos_lag1	9.04838959502943e-05	0.000888183422304462	0.00142450142450142
cuentacorriente_saldo_pos	8.64876054394858e-05	0.000187819093422373	0.000356125356125356
Master_mpagosdolares_lag2	8.63603668949475e-05	0.000328193152829148	0.000949667616334283
Master_mconsumospesos_lag2	8.62617203672268e-05	0.000794883769237301	0.00249287749287749
mcaja_ahorro_dolares_lag1	8.60418097305989e-05	0.000436810519340483	0.00189933523266857
Master_madelantodolares_lag3	8.27166167967266e-05	0.000244642415087253	0.00130579297245964
cdescubierto_preacordado_lag1	8.06049018355558e-05	0.00386128357521981	0.000830959164292498
Visa_mpagado_lag2	8.05243136170611e-05	0.00085978583594073	0.00154320987654321
Master_mpagosdolares_lag1	7.96307943865359e-05	0.000529598800044577	0.000474833808167142
mpagomiscuentas_lag1	7.90691076009303e-05	0.00105141441889348	0.00356125356125356
matm_lag2	7.86388788955369e-05	0.000507816213973735	0.00178062678062678
tmobile_app_lag3	7.65260413284184e-05	0.0017192901825073	0.00178062678062678
Visa_cconsumos	7.6420060065644e-05	0.000193120476635824	0.000830959164292498
Visa_msaldototal_lag3	7.58916029673486e-05	0.00121559309637552	0.001661918328585
Master_madelantopesos_lag2	7.56276152107423e-05	0.000216118158505147	0.000949667616334283
ctarjeta_debito_transacciones_lag1	7.35096822166094e-05	0.000663883305990238	0.00178062678062678
Master_mpagospesos_lag2	7.15719678213953e-05	0.00102428353471349	0.00308641975308642
tcallcenter_lag1	7.1425700123856e-05	0.00561010668456664	0.00154320987654321
Visa_mpagado_lag3	7.00579565486807e-05	0.000822511951311646	0.000712250712250712
Master_madelantopesos	6.88263100092321e-05	0.00033128015296583	0.000474833808167142
ccomisiones_otras_lag3	6.88041560897559e-05	0.000626567197955029	0.000237416904083571
Master_cconsumos_lag3	6.8458807272002e-05	0.00106751091960618	0.001661918328585
ctarjeta_visa_transacciones_lag3	6.84449418901246e-05	0.000758247927189658	0.00118708452041785
mtarjeta_master_consumo	6.710619348398e-05	0.000346982568554696	0.000830959164292498
tcallcenter_lag2	6.69332218533571e-05	0.00321429901465864	0.00178062678062678
mextraccion_autoservicio_lag3	6.50202535955973e-05	0.000896431060967512	0.00249287749287749
Visa_msaldodolares_lag2	6.42153984314854e-05	0.000159754602818071	0.000237416904083571
chomebanking_transacciones_lag2	6.12066684738462e-05	0.000790684886072665	0.001661918328585
tmobile_app	6.00794340555681e-05	0.00325418136748833	0.00130579297245964
Visa_madelantodolares	5.90277327069515e-05	0.00195261203326352	0.000949667616334283
Visa_mpagosdolares_lag1	5.69422679971676e-05	0.000312481354261143	0.000593542260208927
Master_mconsumospesos_lag1	5.61432341852641e-05	0.000948942903718089	0.00284900284900285
disminuyo_transferencias_emitidas	5.41728145349053e-05	0.000495684021947201	0.00249287749287749
Visa_madelantodolares_lag2	5.16626350165773e-05	0.00440844262072275	0.000712250712250712
Visa_mconsumosdolares_lag1	5.117937921964e-05	0.000361765452187955	0.00118708452041785
Master_mconsumospesos_lag3	4.90275308211389e-05	0.000781635002693244	0.00225546058879392
mautoservicio_lag3	4.79157916526919e-05	0.0029859970577417	0.00273029439696106
mpagomiscuentas_lag2	4.63735962606644e-05	0.000918011912986868	0.00284900284900285
matm_other_lag2	4.56090045957499e-05	0.000562401695113999	0.000712250712250712
ccajas_transacciones_lag1	4.24787606687637e-05	0.00177494063177982	0.00178062678062678
Master_mpagado	4.22033131556916e-05	0.00349978084644774	0.001661918328585
Master_cadelantosefectivo_lag1	4.11628175390028e-05	0.00036531690979201	0.000593542260208927
Master_delinquency	4.09813730260679e-05	0.00211279825312198	0.000830959164292498
ctarjeta_debito_transacciones_lag2	3.94978339795836e-05	0.0035807747223743	0.00261158594491928
cdescubierto_preacordado_lag3	3.8305257295281e-05	0.000106736079193995	0.000356125356125356
ctarjeta_debito_transacciones_lag3	3.76190239972382e-05	0.00155891161157649	0.000949667616334283
Master_mconsumototal_lag3	3.75586484957947e-05	0.000332903408356851	0.00154320987654321
Master_status_lag1	3.75279314817731e-05	4.57983211767299e-05	0.000237416904083571
Master_mpagosdolares_lag3	3.70745295648212e-05	0.00113066775218978	0.000949667616334283
Master_mpagado_lag3	3.64040955076839e-05	0.00115484299794103	0.00154320987654321
mplazo_fijo_dolares	3.59401925999739e-05	0.000146632506492388	0.000237416904083571
matm_other_lag3	3.56061459745655e-05	0.00132325339901469	0.00142450142450142
Visa_mpagosdolares_lag3	3.53870588615355e-05	0.000545310598612582	0.000356125356125356
mtarjeta_visa_consumo_lag2	3.47670753719842e-05	0.000218829839476274	0.000949667616334283
aumento_debito_automatico	3.47620114095797e-05	0.000861038463655767	0.00178062678062678
Master_mpagado_lag2	3.4624190824812e-05	0.000507769299078041	0.000712250712250712
Master_cadelantosefectivo_lag3	3.45873505276675e-05	0.000196301306563894	0.000830959164292498
Master_mpagospesos_lag3	3.10221460245561e-05	0.000886578932871718	0.00189933523266857
disminuyo_pago_mis_cuentas	2.84464388373701e-05	0.00106167001509224	0.000712250712250712
ccaja_seguridad_lag1	2.49452084426474e-05	0.000105488142968528	0.000118708452041785
Visa_delinquency_lag1	2.30132751021094e-05	2.11304690206916e-05	0.000118708452041785
mtarjeta_visa_descuentos_lag3	2.2851299130336e-05	0.00332172474281934	0.00106837606837607
disminuyo_uso_tar_master	2.20791222489507e-05	0.00030155956654352	0.000830959164292498
Master_mconsumosdolares_lag2	2.18807765746739e-05	0.000147584878874982	0.000712250712250712
ctarjeta_visa_transacciones_lag2	2.16818857719328e-05	0.000573886461579952	0.000830959164292498
mtarjeta_master_consumo_lag3	2.14217726653166e-05	0.00032409279094547	0.00106837606837607
foto_mes_lag3	2.1402618588352e-05	0.000218909594798955	0.000356125356125356
Master_mconsumosdolares_lag1	1.78910077390239e-05	0.00035830313288572	0.000712250712250712
Visa_fultimo_cierre_lag1	1.76050116379782e-05	4.69102042046837e-05	0.000237416904083571
Master_msaldodolares_lag1	1.69234827611664e-05	0.00444171466474911	0.000949667616334283
qtd_debito_automatico	1.59348874584099e-05	0.000392231985451803	0.000118708452041785
Master_mpagado_lag1	1.57937848728861e-05	0.000259866298740038	0.000356125356125356
tcallcenter_lag3	1.54790877844751e-05	0.00047846625522741	0.000712250712250712
matm_lag3	1.50822973402787e-05	0.000428042125335227	0.000949667616334283
mplazo_fijo_dolares_lag2	1.44418619608382e-05	0.000108847249500237	0.000237416904083571
mttarjeta_master_debitos_automaticos_lag2	1.42252897093582e-05	0.000376599942206478	0.000949667616334283
Visa_msaldodolares_lag1	1.41365723657677e-05	0.00011559830299064	0.000237416904083571
tmobile_app_lag1	1.3723020594778e-05	0.00202107024906058	0.000949667616334283
saco_mas_que_deposito	1.32656318055358e-05	0.000463922637562192	0.000474833808167142
Visa_cadelantosefectivo_lag3	1.2799193289697e-05	0.000124455835297715	0.000356125356125356
Visa_mpagado	1.18938564381886e-05	7.82446630388754e-05	0.000356125356125356
deposito_menos_que_ultimo_mes	1.17718737339738e-05	0.000339842121430031	0.000356125356125356
saques_mayores_que_media	1.17702609016393e-05	0.00151930136514183	0.000949667616334283
cmobile_app_trx_lag3	1.14330300674725e-05	0.00456284892543167	0.00118708452041785
mplazo_fijo_dolares_lag3	1.13432894929295e-05	0.000527548619102738	0.000356125356125356
Master_msaldodolares_lag3	1.08822806584736e-05	0.000262953298876719	0.000237416904083571
numero_de_cliente	1.04999423388293e-05	0.000518803682545329	0.000830959164292498
otros_cajeros	9.03840309894072e-06	0.000467441254739261	0.000830959164292498
ccajas_transacciones_lag2	9.02097381238989e-06	0.000193439497926545	0.000356125356125356
Master_msaldodolares	8.85365183461846e-06	0.00160131798579453	0.000712250712250712
mttarjeta_master_debitos_automaticos_lag1	8.53367857833383e-06	7.36986096461023e-05	0.000237416904083571
mtarjeta_master_consumo_lag1	7.77433185433952e-06	0.000516472012229325	0.000712250712250712
Visa_msaldodolares_lag3	7.23951101302602e-06	1.92867136199075e-05	0.000118708452041785
Master_delinquency_lag3	7.17958669899873e-06	0.000110639398515757	0.000237416904083571
Visa_madelantopesos_lag1	7.17413805889299e-06	2.16981392585921e-05	0.000118708452041785
Master_status_lag3	6.89378197789913e-06	0.00020302421111688	0.000118708452041785
matm_other	6.5492062588713e-06	0.000381291431775904	0.000949667616334283
mcaja_ahorro_adicional_lag2	6.30089496363294e-06	0.000172102603364798	0.000118708452041785
mtarjeta_master_descuentos_lag2	6.28626791785837e-06	0.000157211815471442	0.000118708452041785
mtarjeta_visa_descuentos_lag2	5.67766069562308e-06	0.00182332865519887	0.000593542260208927
minversion1_pesos_lag1	5.43145165829542e-06	0.000168035081908107	0.000118708452041785
cpagomiscuentas	5.26133775716664e-06	8.15146312687648e-05	0.000118708452041785
matm_other_lag1	5.06448263332424e-06	0.00169062987272768	0.000949667616334283
mcheques_depositados_lag3	4.70373869941479e-06	0.000108781568646265	0.000237416904083571
mcajeros_propios_descuentos_lag3	4.28611207872146e-06	0.000158004677208675	0.000118708452041785
Visa_mpagosdolares_lag2	4.13434660835539e-06	0.00100426964021032	0.000593542260208927
mtarjeta_master_descuentos_lag1	3.1558463599306e-06	0.00212899327511564	0.000474833808167142
ccajas_transacciones_lag3	2.77778199382697e-06	0.000123236048009664	0.000356125356125356
Visa_status_lag3	2.30931576994739e-06	1.13674792267175e-05	0.000118708452041785
ctarjeta_master_transacciones_lag2	2.29276126643177e-06	0.0010902318035909	0.000356125356125356
mtarjeta_visa_descuentos_lag1	2.21888045505396e-06	0.00131870734562191	0.000593542260208927
ctransferencias_recibidas	2.06856265451392e-06	0.000313396194727181	0.000356125356125356
invierte	1.94137068734879e-06	4.58358530932853e-05	0.000118708452041785
mttarjeta_master_debitos_automaticos	1.94013866833934e-06	0.000148232304435562	0.000237416904083571
mttarjeta_master_debitos_automaticos_lag3	1.85791424036199e-06	0.000427465072118188	0.000356125356125356
ctarjeta_master_transacciones_lag3	1.63542770540936e-06	0.000427211731681439	0.000118708452041785
Visa_madelantopesos_lag3	1.55006145575937e-06	1.20430537247148e-05	0.000118708452041785
mforex_sell_lag2	1.42815858117672e-06	0.000108744036729709	0.000118708452041785
mplazo_fijo_dolares_lag1	1.39528944482361e-06	0.000240546744693144	0.000118708452041785
saco_mas_que_ultimo_mes	1.23343661163127e-06	0.000216277669150507	0.000237416904083571
ctarjeta_master_transacciones_lag1	1.09721556201916e-06	6.18244495458868e-05	0.000118708452041785
cseguro_vida	8.96274256073447e-07	0.000683010508964784	0.000118708452041785
mforex_sell_lag3	7.25659103446057e-07	0.000135781091118307	0.000237416904083571
Visa_Finiciomora	6.0094983504667e-07	0.00118295440344102	0.000118708452041785
mtarjeta_master_consumo_lag2	5.59766013701048e-07	1.15832877469111e-05	0.000118708452041785
Visa_mpagado_lag1	5.5397519006483e-07	0.00047593754234949	0.000237416904083571
ctransferencias_emitidas_lag1	5.41860747740902e-07	0.000285791470100682	0.000118708452041785
mforex_sell_lag1	4.52622635223939e-07	0.000149522464067154	0.000118708452041785
mcajeros_propios_descuentos	4.04073890131431e-07	0.000546460013557091	0.000118708452041785
mcajeros_propios_descuentos_lag2	3.07652358497174e-07	0.000162930741256572	0.000118708452041785
disminuye_val_inversion	3.03354240965506e-07	0.000204980562267331	0.000118708452041785
minversion1_pesos_lag2	2.08769228522507e-07	0.000179411944113963	0.000118708452041785
Master_delinquency_lag1	2.06667417575807e-07	4.21858742082724e-05	0.000118708452041785
mtarjeta_master_descuentos_lag3	1.83331036223279e-07	0.000417936656802685	0.000118708452041785
Visa_cadelantosefectivo_lag1	1.73977923502312e-07	1.1494149445092e-05	0.000118708452041785
Master_madelantopesos_lag3	1.16674978820693e-07	1.03212770527357e-05	0.000118708452041785
aumento_pago_mis_cuentas	9.67081472970341e-08	0.000409351230890636	0.000118708452041785
