Feature	Gain	Cover	Frequency
mcaja_ahorro	0.126121431939033	0.0817879754050709	0.0473251028806584
ctarjeta_visa	0.105667685129572	0.0146540438414793	0.00617283950617284
Visa_status	0.104255513255871	0.0451271799414043	0.0267489711934156
cdescubierto_preacordado	0.0838753802281203	0.0287450654052722	0.037037037037037
ctrx_quarter	0.0793569417505022	0.0688738070687167	0.0390946502057613
mcaja_ahorro_lag1	0.0568348834233742	0.0451459140796499	0.037037037037037
mtarjeta_visa_consumo	0.0460719803812219	0.0878372721528418	0.065843621399177
mcuenta_corriente	0.0444338356770104	0.0351041920404776	0.0390946502057613
Visa_delinquency_lag1	0.0374588414324477	0.0204117969610732	0.0102880658436214
Master_status	0.0291132995500592	0.0174073415312805	0.0246913580246914
mcuentas_saldo	0.0222410318448545	0.0309098181133357	0.0390946502057613
ctrx_quarter_lag1	0.0208798058705737	0.0148567922611271	0.0123456790123457
Visa_mpagospesos	0.0186876636791962	0.0338653715558978	0.0288065843621399
Visa_Finiciomora	0.0176301004453659	0.0278162219683658	0.0123456790123457
cpayroll_trx	0.0169466905399665	0.0199857680693083	0.00823045267489712
internet	0.0164254013968473	0.00522522500272678	0.0205761316872428
Visa_delinquency	0.0158495253654364	0.0383791727773623	0.037037037037037
ctarjeta_visa_transacciones	0.0140968455603279	0.046958384370477	0.0349794238683128
mprestamos_personales	0.0140171210955382	0.0236615813057409	0.0390946502057613
mpayroll	0.0121731102109609	0.055406085896139	0.0411522633744856
mautoservicio	0.0101171744336058	0.0240966189634382	0.0205761316872428
Visa_msaldototal	0.00987426453126841	0.0229548602538538	0.0246913580246914
Visa_mpagominimo	0.0095223151817669	0.019776826123082	0.01440329218107
Visa_mconsumototal	0.00831556362724753	0.0104326308199979	0.01440329218107
mcuenta_corriente_lag1	0.00828743136560889	0.00580378228302949	0.0123456790123457
Visa_mconsumospesos	0.00817429309616501	0.00782943017565616	0.00617283950617284
Visa_Finiciomora_lag1	0.00657961678645263	0.00663487932991571	0.00411522633744856
Visa_msaldototal_lag1	0.00644496493639153	0.0111625072155704	0.00823045267489712
mprestamos_personales_lag1	0.0047903026194026	0.00864283600251189	0.0185185185185185
mpayroll_lag1	0.00477834134132961	0.0138171307660189	0.0185185185185185
ctarjeta_debito_transacciones	0.0039522332158109	0.00705623108539052	0.00617283950617284
Visa_msaldopesos	0.00391903047971211	0.0161885540340118	0.0205761316872428
matm_lag1	0.0035051550619491	0.00130776185739307	0.00205761316872428
mcuentas_saldo_lag1	0.0030504819278033	0.00630996871712428	0.01440329218107
Visa_mpagominimo_lag1	0.0019586390995864	0.00924097839113767	0.0102880658436214
mextraccion_autoservicio	0.00184678383203675	0.00527966149459637	0.0102880658436214
ctarjeta_debito_transacciones_lag1	0.00177194266011226	0.00620118530918273	0.00411522633744856
thomebanking	0.00173487284261845	0.00151076620789121	0.00617283950617284
mautoservicio_lag1	0.0013695162682442	0.00166575153259231	0.00411522633744856
mpasivos_margen	0.0010300199922506	0.00468597870103794	0.00617283950617284
Master_delinquency	0.00102469085736487	0.00623109082904621	0.01440329218107
mactivos_margen	0.00100817038926689	0.00207668050418659	0.00411522633744856
Visa_fechaalta	0.00100133324747597	0.00457846215080563	0.01440329218107
Visa_cconsumos	0.000908931288645671	0.00181179847234492	0.00411522633744856
mpasivos_margen_lag1	0.000840676593942326	0.000804160324886811	0.00411522633744856
ctarjeta_visa_transacciones_lag1	0.000745971057322949	0.00489286680219016	0.00411522633744856
mrentabilidad	0.000688504247656817	0.00324702029148387	0.0102880658436214
mtarjeta_master_consumo	0.000678950546197133	0.00250539666988024	0.00205761316872428
matm	0.000621883543693223	0.00269733201110072	0.00411522633744856
Master_msaldototal	0.000574544623209285	0.00280506610255583	0.00617283950617284
Visa_madelantodolares_lag1	0.000505346997209575	0.00108922250427864	0.00411522633744856
mprestamos_personales_lag3	0.000503716887022967	0.00138538568430442	0.00411522633744856
Master_msaldopesos	0.00046426788323428	0.00143165158377656	0.00411522633744856
cdescubierto_preacordado_lag1	0.000443256575545472	0.00104104991997138	0.00411522633744856
Visa_cadelantosefectivo_lag1	0.000422770378558937	0.000882193641158728	0.00205761316872428
Master_cadelantosefectivo	0.000400194182721153	0.00278126453347322	0.00205761316872428
cmobile_app_trx_lag3	0.000389503019273313	0.000425644995489443	0.00205761316872428
Visa_fechaalta_lag1	0.000365604455485538	0.000796827906024265	0.00411522633744856
Visa_mpagospesos_lag1	0.000362096809127635	0.00254298011525424	0.00617283950617284
mactivos_margen_lag1	0.000360327085262412	0.000567417890041191	0.00205761316872428
Master_msaldopesos_lag1	0.000325201966254101	0.000975506029196579	0.00205761316872428
Visa_msaldopesos_lag1	0.000324188030416841	0.00373644965315195	0.00411522633744856
internet_lag1	0.000316219932552785	0.000779597361524407	0.00411522633744856
cextraccion_autoservicio	0.000270383835321576	0.00140690946881891	0.00205761316872428
Master_mfinanciacion_limite_lag1	0.000266329510051219	0.000615961574081453	0.00411522633744856
Master_fechaalta_lag1	0.00025350298839762	0.000836541975727429	0.00411522633744856
ctarjeta_visa_lag1	0.00023134861347723	0.00123701617208488	0.00205761316872428
Visa_Fvencimiento	0.000212489642611881	0.000318480350176362	0.00205761316872428
Visa_cconsumos_lag3	0.00019711418202205	0.000607035985675474	0.00205761316872428
Visa_status_lag3	0.000185527156950222	0.000601283939813842	0.00205761316872428
mrentabilidad_annual	0.000176321258449843	0.000480817288553786	0.00205761316872428
Visa_cconsumos_lag1	0.000171517727719445	0.000847822127956634	0.00205761316872428
Master_mpagosdolares	0.00016280014652858	0.000679272468186948	0.00205761316872428
Visa_mpagosdolares_lag1	0.000156195742110079	0.000627510453703526	0.00205761316872428
mextraccion_autoservicio_lag1	0.000148884770408041	0.000659482615183583	0.00205761316872428
Visa_delinquency_lag3	0.000145045063680494	0.000520921652803735	0.00205761316872428
Visa_madelantodolares_lag3	0.00012907905955528	0.000359339710434845	0.00205761316872428
Visa_madelantopesos_lag3	0.000126127970752522	0.000340112905302252	0.00205761316872428
Master_mlimitecompra	0.000120269878147027	0.000438236793326695	0.00205761316872428
Visa_mlimitecompra_lag1	0.000107362161907431	0.000643621300733101	0.00205761316872428
Visa_mfinanciacion_limite_lag1	0.00010601095330322	0.000429451966888409	0.00205761316872428
mpagomiscuentas	8.92697488027176e-05	0.00129792131619708	0.00205761316872428
internet_lag3	8.51768575412526e-05	0.000364151210421438	0.00205761316872428
Visa_madelantodolares	6.93826277776727e-05	0.00051897657834107	0.00205761316872428
Visa_fultimo_cierre_lag1	5.69007758960279e-05	0.000345596223771015	0.00205761316872428
Visa_mpagospesos_lag3	5.66605984013467e-05	0.00067345004134147	0.00205761316872428
Visa_fechaalta_lag3	3.99160571042219e-05	0.00230767089317058	0.00205761316872428
