Feature	Gain	Cover	Frequency
ctrx_quarter	0.0693139665035139	0.0136452137630681	0.00329567960671035
Visa_status	0.0463687969403779	0.00358843747393507	0.00182397469920074
recibe_sueldo	0.040101774188288	0.0069287367024551	0.00287295585668099
disminuye_saldo_ahorro	0.039824914434032	0.00612586203572278	0.00501005925960718
usa_tarjeta_visa	0.0296912129271059	0.00303115627159779	0.00302952020854372
deudas	0.0294474376218107	0.00654572487572594	0.00573808349576885
cdescubierto_preacordado	0.0258990498708614	0.00469059524147424	0.00388279592619556
disminuye_saldo_corriente	0.024431253711159	0.00312265803333034	0.00752291710700391
cajaahorro_saldo_pos	0.0241774895800664	0.00218604123599642	0.00491612064848955
mcaja_ahorro_lag1	0.0233948690434522	0.00178087033998365	0.00195705439828405
mcaja_ahorro	0.0163339321979194	0.00997695842412782	0.0031547716900339
mtarjeta_visa_consumo	0.0157945107768874	0.00251814857897244	0.00217624449089187
activos	0.0143436330748023	0.00599686654278238	0.00378885731507793
usa_tarjeta_debito	0.0142973260669513	0.00219749836820458	0.00550323696797476
tiempo_sin_disminuir	0.0138246361121098	0.00202249551892057	0.00776559185239113
aumento_saldo_corriente	0.0125140408358934	0.00283279854938089	0.00901027844969979
mcuentas_saldo	0.0102903187823341	0.0037321144870633	0.00332699247708289
aumento_saldo_ahorro	0.00989134744187307	0.00357748892342303	0.00717847553290591
ctarjeta_visa_transacciones	0.00977366219761384	0.00482795917533033	0.00199619548624974
Visa_Finiciomora	0.00929910336907393	0.00697351336349895	0.00182397469920074
ctrx_quarter_lag1	0.00819939281601593	0.00216373523478932	0.00211361875014678
mpasivos_margen	0.0081770573469134	0.00458261900309568	0.00320956921318585
tiempo_sin_aumento	0.00674250530082316	0.00291312100133158	0.00541712657445026
Master_status	0.00630469944029515	0.00144664022394633	0.00118206085656357
thomebanking	0.00591191002493568	0.00306237843148979	0.00630954338006779
tiempo_sin_disminuir_cc	0.00578720707701621	0.00686866888481865	0.0041724399771416
mprestamos_personales	0.00561345044002379	0.00978800965054316	0.00363229296321521
Visa_delinquency	0.00531448707545242	0.00329544498192779	0.00226235488441637
Visa_Finiciomora_lag1	0.00501565549823174	0.00213713930827626	0.0010802940278528
mcuenta_corriente	0.00441236390295611	0.00785186035551092	0.00486915134293073
recibe_transferencias	0.00426057505537636	0.00184616472712489	0.00811003342648912
saldo_pos	0.00424970453461944	0.00283447977765594	0.00592596071800412
Visa_mpagospesos	0.00390416774909501	0.00435736918105349	0.00567545775502376
tiempo_sin_aumento_cc	0.00366664728457012	0.0057949733413765	0.00374188800951911
foto_mes_lag1	0.00360087884980338	0.00219420051426316	0.00251285784739673
mpayroll_lag1	0.00359549240420775	0.00303572389449408	0.00128382768527434
Visa_mpagominimo	0.00354284207943712	0.0038538736763983	0.00576939636614139
Visa_msaldopesos	0.00343224392403571	0.00261735215760073	0.00391410879656811
Master_delinquency	0.00334127914333516	0.00195721255426956	0.00136993807879884
mcuenta_corriente_lag1	0.00326630348612468	0.0026938189885461	0.00349138504653875
mpayroll	0.00322170401274309	0.0055187847056925	0.00140125094917138
balance	0.00314815125789156	0.00515725115534566	0.00275553259278395
foto_mes_lag2	0.00304519970237681	0.00213908306657265	0.00223887023163696
tmobile_app_lag3	0.00297916929638193	0.00190533491179964	0.00740549384310686
Master_fechaalta	0.00294394079785578	0.0033441016694069	0.00648959238470993
Master_Fvencimiento	0.00291351856675163	0.00342841612564788	0.00706105226900887
tmobile_app_lag2	0.00291221745127014	0.00158800920745041	0.00575373993095512
mcomisiones_otras	0.00289351898140469	0.00239082351599666	0.00461082016235723
tcallcenter	0.00283105698828193	0.00219667682275976	0.00355401078728384
mcomisiones	0.00282118559235581	0.00219209353295064	0.00431334789381806
cmobile_app_trx_lag3	0.00278560968394512	0.00295509403399487	0.00574591171336198
mprestamos_personales_lag3	0.0027735235047728	0.00373799014113583	0.00266942219925945
tiene_debito_automatico	0.0027684925725627	0.00206389031142273	0.00639565377359229
Visa_mpagospesos_lag3	0.00267255057517821	0.0031700548763133	0.00589464784763157
Master_Fvencimiento_lag2	0.00266909673395881	0.00268594308790582	0.00619994833376389
Visa_Fvencimiento	0.00265336737721599	0.00423552017224614	0.00611383794023939
Master_fechaalta_lag2	0.00260274311865221	0.00252791106303998	0.00595727358837666
Visa_mpagospesos_lag1	0.00257843995750558	0.00256481719138978	0.00457950729198469
Visa_msaldototal	0.00255738054305482	0.00215131530524896	0.00414112710676906
Visa_fechaalta	0.00251014776664232	0.00294805440944255	0.0054249547920434
mcomisiones_lag2	0.00250114175553741	0.00155349200242606	0.00404718849565143
cmobile_app_trx_lag2	0.00248874434549441	0.00252234806062625	0.00490829243089641
Master_Fvencimiento_lag3	0.0024831773251158	0.00342514211537458	0.00636434090321975
Master_fechaalta_lag1	0.00247939853801961	0.0032490646157393	0.00573025527817571
Visa_Fvencimiento_lag3	0.00247200721985085	0.00341819524393965	0.00605904041708743
disminuyo_tarjetas	0.0024690551991904	0.00262526856750963	0.00121337372693611
foto_mes	0.00246892750847041	0.00249609643168754	0.00230932418997518
thomebanking_lag1	0.00242907760922649	0.00157788519844621	0.00555020627353358
tmobile_app	0.00242862578871041	0.00194038098436343	0.00576156814854826
mactivos_margen	0.00240593617846569	0.00506614662163399	0.00358532365765639
Master_fechaalta_lag3	0.00238224591084527	0.00212328488873341	0.00556586270871985
mrentabilidad_annual_lag2	0.002356949916053	0.00288828669745103	0.00412547067158279
thomebanking_lag3	0.00235007406854018	0.00151746340844859	0.00589464784763157
tmobile_app_lag1	0.00232713325606579	0.00155995513452067	0.00540147013926399
mprestamos_personales_lag1	0.00230181334441404	0.00241557817453549	0.00191791331031837
Visa_Fvencimiento_lag2	0.00229997801126575	0.00248268979872889	0.00535450083370517
Visa_mconsumospesos_lag3	0.00227887880418712	0.00198073988807952	0.00531535974573949
mcuenta_corriente_lag3	0.00227879449918731	0.0049867039511029	0.00349138504653875
Master_Fvencimiento_lag1	0.00225151486614702	0.00258893849469168	0.00597293002356294
mcomisiones_mantenimiento	0.00224145535647722	0.0116042022626494	0.00205882122699483
mrentabilidad_annual	0.0022332196271199	0.00372435374759501	0.00418809641232788
mcomisiones_otras_lag3	0.00219249176100126	0.00216677112047121	0.00395324988453379
thomebanking_lag2	0.00218552137273749	0.00158698062156793	0.00553454983834731
mcomisiones_otras_lag2	0.00216112034372008	0.00159761845537853	0.00346790039375935
mcuenta_corriente_lag2	0.00214960309725346	0.00377120268555484	0.00362446474562207
Visa_fechaalta_lag1	0.00214877714939762	0.00214554513756161	0.0047986973845925
Visa_Fvencimiento_lag1	0.00214689322720518	0.00381171576168004	0.00533101618092577
mcomisiones_lag3	0.0021347419053355	0.0019079961647692	0.00409415780121024
cuentacorriente_saldo_pos	0.00212337519168163	0.00210129572118973	0.00209796231496051
Visa_mpagominimo_lag3	0.00211726579096374	0.00195315594737059	0.00450122511605333
mrentabilidad_annual_lag1	0.00210681012790691	0.00255274904958131	0.00420375284751415
Visa_fechaalta_lag3	0.00209189453303871	0.00227456191503298	0.0046891023382886
mrentabilidad_annual_lag3	0.00208746186273635	0.0043138526141777	0.00454819442161214
Visa_fechaalta_lag2	0.00208227767931016	0.00253596248303832	0.00492394886608268
mcomisiones_lag1	0.00207372549284288	0.00217874376277121	0.00375754444470539
Visa_mconsumototal_lag3	0.00205990364782562	0.00162072016098698	0.00473607164384741
mcuenta_debitos_automaticos	0.00205219761185757	0.00319909203241855	0.00202750835662228
tiene_visa	0.00204996374952214	0.000734403391693731	0.00103332472229398
disminuyo_debito_automatico	0.00204332850479971	0.00148870863128214	0.0036088083104358
Visa_mpagominimo_lag1	0.00204184900173286	0.00210913729194133	0.00455602263920528
Visa_mconsumospesos	0.00202667164564072	0.0025528611522723	0.00472824342625428
ccaja_ahorro	0.00201428590322128	0.00875413184693574	0.000681054930602851
Visa_mconsumosdolares_lag3	0.00201359228817793	0.00270428648369092	0.00493960530126895
internet_lag1	0.00198473803540989	0.00505664310976296	0.000587116319485217
tiene_master	0.00196980457899105	0.000237587235013783	0.000712367800975396
foto_mes_lag3	0.0019686965877507	0.00250297451850918	0.00171437965289683
mprestamos_personales_lag2	0.00196803125488041	0.00395812849242725	0.00234063706034773
mcomisiones_otras_lag1	0.00194531365842563	0.00195687318771558	0.00388279592619556
hace_transferencias	0.00194285174754517	0.00144795206261931	0.00465778946791605
Visa_mconsumototal_lag1	0.00194253269734446	0.00200522533787321	0.00464996125032291
mautoservicio	0.00191870677743015	0.00370760975011397	0.00204316479180855
Visa_mconsumospesos_lag2	0.00188079652122318	0.0024954882308963	0.00443859937530824
mrentabilidad	0.00186960455989256	0.00256111230980471	0.00372623157433284
pago_mis_cuentas	0.00186407120294783	0.00113046918979796	0.00420375284751415
ctrx_quarter_lag3	0.00185325148159438	0.00382311010140093	0.00299037912057804
Master_Finiciomora	0.00183875896658703	0.00724579095101194	0.00121337372693611
cliente_edad_lag1	0.001822375846037	0.00257815947141168	0.00375754444470539
Visa_mpagominimo_lag2	0.00181409258944859	0.00141862254069858	0.00391410879656811
cliente_edad	0.00180070310647078	0.00303968518913851	0.00374188800951911
Visa_mpagospesos_lag2	0.00178139137154135	0.00151747352016125	0.00419592462992101
Visa_mlimitecompra	0.00177085178780014	0.00290362142179325	0.00378102909748479
Master_mfinanciacion_limite	0.00175678510942515	0.00273899999326048	0.00379668553267107
Visa_mconsumototal	0.00175086840213355	0.00226253459458303	0.00440728650493569
Visa_cconsumos_lag2	0.00174149126865679	0.00209938248528526	0.00347572861135248
Master_mpagospesos	0.00172070713493434	0.00244556589404897	0.00236412171312714
cmobile_app_trx_lag1	0.00171636304602974	0.00336760359909924	0.00422723750029356
Master_mfinanciacion_limite_lag2	0.00171443301858738	0.00195056410319412	0.00404718849565143
cliente_edad_lag2	0.00170406063377667	0.00249059341295201	0.00349921326413189
Visa_mconsumototal_lag2	0.00169859315852162	0.00265615129842967	0.00414112710676906
Visa_cconsumos_lag3	0.00169701176184641	0.00263883324279212	0.00372623157433284
cliente_edad_lag3	0.00169243918890032	0.00277229605293592	0.00356966722247012
Master_mlimitecompra	0.00168712473349066	0.0023713478580653	0.00391410879656811
Master_mlimitecompra_lag3	0.00166976332129383	0.00251761808856555	0.00407067314843083
Master_mlimitecompra_lag2	0.00166188176169645	0.0016439555659073	0.00377320087989166
Master_Finiciomora_lag1	0.00164292917946268	0.00240449698581724	0.000422723750029356
aumento_transferencias_recibidas	0.00162640638147961	0.000880060365546405	0.00421940928270042
Master_mlimitecompra_lag1	0.00162476085449905	0.00170932529154967	0.00376537266229852
Visa_mconsumosdolares	0.00161175130023581	0.00158477913943461	0.00389845236138184
Master_mfinanciacion_limite_lag1	0.00159171956671661	0.00175858924355033	0.00385148305582302
active_quarter	0.0015793978667077	0.00151661795691766	0.00115074798619102
tiempo_sin_disminuir_ah	0.00157391232391063	0.00633116450716331	0.00180049004642133
mcuentas_saldo_lag3	0.00156842204929582	0.00250277740253025	0.00319391277799958
Master_mfinanciacion_limite_lag3	0.00156773753606541	0.00185811271432303	0.00387496770860243
Visa_mconsumosdolares_lag1	0.00156562428214103	0.00149001210594588	0.00384365483822988
disminuyo_uso_tar_debito	0.00156148560480008	0.00150486496348716	0.00416461175954847
mpasivos_margen_lag1	0.00151712963987713	0.00111880507957012	0.00240326280109282
Visa_mlimitecompra_lag2	0.00151470806053911	0.0016762835227223	0.00256765537054868
Visa_mconsumospesos_lag1	0.00150853699884283	0.00175154418863381	0.00394542166694065
disminuyo_transferencias_recibidas	0.00150340464741703	0.000967570060570681	0.0039767345373132
Visa_mconsumosdolares_lag2	0.00146507364216351	0.00131064074711985	0.00376537266229852
Visa_msaldototal_lag3	0.00146163086488479	0.00116969988853646	0.00313911525484762
chomebanking_transacciones	0.00145703919011015	0.00270908655114249	0.00292775337983295
mttarjeta_visa_debitos_automaticos_lag3	0.00144226834632157	0.00282332012953759	0.00304517664372999
Master_fultimo_cierre	0.00144189958542336	0.00218391128486749	0.00346790039375935
ccajas_transacciones_lag3	0.00143820476836219	0.00117572871633043	0.00355401078728384
Visa_cconsumos	0.00143175879680656	0.00171166571610513	0.00320956921318585
Master_fultimo_cierre_lag1	0.00142388073149462	0.00232390488819556	0.00338179000023485
Visa_mfinanciacion_limite	0.00140861953564329	0.00231000740024693	0.0031547716900339
ccajas_transacciones	0.00140582976128496	0.00218175287113995	0.00318608456040644
numero_de_cliente_lag1	0.00139985354680762	0.00174806213923518	0.0032643667363378
numero_de_cliente_lag2	0.00139436420770767	0.00179573068768246	0.00316259990762703
Visa_msaldopesos_lag2	0.00138930943030563	0.00113700928326117	0.00292775337983295
mpasivos_margen_lag3	0.00138779627918736	0.00513422603659793	0.00333482069467603
Visa_cconsumos_lag1	0.00138728648455844	0.00166881739611676	0.00331916425948976
cliente_antiguedad_lag3	0.00137862250116205	0.00260498004023259	0.00318608456040644
cdescubierto_preacordado_lag3	0.00137573192415416	0.00122080467158548	0.000978527199142027
numero_de_cliente	0.00136926975693102	0.0024952419295496	0.00344441574097994
Visa_mlimitecompra_lag3	0.00136250248472237	0.0018829481417272	0.00302169199095058
mrentabilidad_lag1	0.00136136509219003	0.00212224032384821	0.00318608456040644
Visa_msaldopesos_lag1	0.00136000386855034	0.00174194236844523	0.00301386377335744
mcaja_ahorro_lag3	0.00135463106548367	0.00186382258624228	0.00248154497702418
Visa_mfinanciacion_limite_lag2	0.00134920411449197	0.00153471380299648	0.00309214594928881
chomebanking_transacciones_lag3	0.00134746632216971	0.00169811002901167	0.00291209694464667
mactivos_margen_lag1	0.00133837444018554	0.00456724071100384	0.00275553259278395
mcuentas_saldo_lag2	0.00133650141251537	0.00253128587835	0.00290426872705354
Visa_mfinanciacion_limite_lag1	0.00133550092318527	0.00380620225672397	0.00310780238447508
internet	0.0013340881192616	0.00320683248604353	0.000407067314843083
Visa_msaldopesos_lag3	0.00132815224949155	0.00127460921949736	0.00302169199095058
cmobile_app_trx	0.0013242880939633	0.00252845815662939	0.00319391277799958
numero_de_cliente_lag3	0.00132179505061141	0.00184061751645995	0.00313128703725449
mrentabilidad_lag3	0.00127912133373025	0.00380469592362719	0.00313911525484762
ccaja_seguridad	0.00127063935491245	0.00597728140371516	0.000477521273181309
ccajas_transacciones_lag1	0.00126757218644295	0.00185301310298834	0.00334264891226917
ctrx_quarter_lag2	0.00124156014878533	0.0021335882870104	0.00264593754648004
Visa_msaldototal_lag2	0.00123858601280999	0.00105518105997552	0.00265376576407318
Visa_mfinanciacion_limite_lag3	0.00123795555492815	0.00225860519552607	0.002700735069632
cliente_antiguedad_lag1	0.00122994949948359	0.00194814615550825	0.00279467368074963
Master_delinquency_lag1	0.00122516554382863	0.000680777733710809	0.000657570277823442
mcaja_ahorro_dolares_lag3	0.00121924503798134	0.00372028534369794	0.00262245289370063
mttarjeta_visa_debitos_automaticos_lag2	0.00121437341806898	0.00185932381037726	0.00274770437519081
Visa_msaldototal_lag1	0.00121103178688785	0.00186797494232165	0.00279467368074963
ccajas_transacciones_lag2	0.00121050228885952	0.00129238573519358	0.00316259990762703
mcuentas_saldo_lag1	0.00120899609389277	0.00289914848697171	0.00268507863444572
Visa_mlimitecompra_lag1	0.00118739947655459	0.00145027956665304	0.002700735069632
cliente_antiguedad_lag2	0.00118603705177959	0.00365030742347267	0.00296689446779863
tiempo_sin_aumento_ah	0.00117937094840784	0.00798303354933448	0.00204316479180855
Master_mpagominimo	0.00116390537996102	0.00209898856541729	0.00237194993072027
cdescubierto_preacordado_lag2	0.00115956273218648	0.00172072899396747	0.00118988907415671
mpagomiscuentas	0.00115840455370877	0.00239504322107579	0.00173786430567624
mtarjeta_visa_consumo_lag1	0.00115780374883532	0.00069911401384626	0.00151867421306843
Master_fultimo_cierre_lag3	0.00115479096613836	0.00158487270398573	0.00291992516223981
Master_fultimo_cierre_lag2	0.00115462630447115	0.0014386148322454	0.00283381476871531
mtransferencias_emitidas_lag3	0.00114533254808258	0.00254899067578789	0.00283381476871531
mrentabilidad_lag2	0.00114099807614538	0.00187347452806831	0.00288078407427413
mtransferencias_recibidas	0.00113718022816241	0.00147104765126578	0.00234063706034773
mtransferencias_recibidas_lag2	0.00113634759135952	0.00146956878207994	0.00275553259278395
mactivos_margen_lag2	0.00113236985266965	0.00350256706230369	0.00264593754648004
cliente_antiguedad	0.00113018240569762	0.00178348240758545	0.00265376576407318
mpayroll_lag3	0.00112992329388469	0.0027529532828827	0.00174569252326938
mextraccion_autoservicio	0.00109251937051095	0.0028396840015241	0.00157347173622038
mttarjeta_visa_debitos_automaticos	0.00108631865027986	0.00180490026336371	0.00246588854183791
Master_mpagospesos_lag3	0.0010672225386587	0.00232363143502782	0.00265376576407318
balance_transferencias	0.00106639382315448	0.00204953842058409	0.00176917717604879
mcomisiones_mantenimiento_lag3	0.00105445196642934	0.00248486169473997	0.00086893215283812
mpayroll_lag2	0.00104910887240972	0.00252215231784286	0.00121337372693611
mautoservicio_lag3	0.00103492570122726	0.00185659939041256	0.002528514282583
Master_mpagospesos_lag2	0.00101954685905897	0.00115647476706188	0.00240326280109282
Master_msaldopesos	0.00101465099700239	0.00156480301414445	0.00212144696773992
total_tarjetas	0.00101258214858224	6.5372472033463e-05	2.34846527794087e-05
mcuenta_debitos_automaticos_lag3	0.00100911268588046	0.00217682259978336	0.00231715240756832
mtransferencias_emitidas_lag2	0.00100867211660515	0.00194885572309803	0.00242674745387223
mpasivos_margen_lag2	0.00100245329679988	0.00191699490244084	0.00230149597238205
mtransferencias_recibidas_lag3	0.00100116582465696	0.00175620437739354	0.00240326280109282
mtransferencias_recibidas_lag1	0.000996441890743781	0.00270278770316965	0.00248154497702418
mactivos_margen_lag3	0.000995463419611322	0.00386569988611863	0.0026146246761075
mautoservicio_lag2	0.000995198132492193	0.00144845452735346	0.00237194993072027
Visa_fultimo_cierre	0.000987316210157082	0.00170171341896224	0.00230932418997518
Visa_fultimo_cierre_lag3	0.000984014484173959	0.00348959754245475	0.0024424038890585
Visa_fultimo_cierre_lag1	0.000979803594604376	0.0025415865302359	0.00234063706034773
Master_msaldototal	0.000978510488146624	0.00227781620122479	0.00222321379645069
chomebanking_transacciones_lag2	0.000972491393881117	0.00162232542658111	0.00247371675943105
mcaja_ahorro_lag2	0.000961310201830578	0.00222129722022491	0.00219190092607814
Master_mpagominimo_lag1	0.000959377113909641	0.00136292192182657	0.00202750835662228
mtransferencias_emitidas	0.000958449024073066	0.00406456306913268	0.00209796231496051
mcuenta_debitos_automaticos_lag1	0.000943240854035814	0.0028816564100076	0.0020744776621811
Master_mconsumospesos_lag3	0.000933989560172625	0.0011564568531018	0.00234846527794087
mttarjeta_visa_debitos_automaticos_lag1	0.000933090228063376	0.00167628701812914	0.00222321379645069
Master_mpagospesos_lag1	0.00093168028450532	0.00170437136377889	0.00220755736126441
Master_mconsumospesos_lag2	0.000929602938025515	0.00107473005903267	0.00227801131960264
cseguro_accidentes_personales_lag3	0.000929542526441873	0.00146650299818591	0.00238760636590655
tcallcenter_lag2	0.000928220753249228	0.00135855771912513	0.00218407270848501
Master_mpagominimo_lag3	0.00092129417726127	0.00137514123998115	0.00212144696773992
Master_mconsumospesos	0.000914516018661581	0.00115032834379473	0.00210579053255364
disminuyo_transferencias_emitidas	0.000914236427496746	0.000883286438811523	0.00228583953719578
ctarjeta_visa	0.000904835994712252	0.000857410628526766	0.000258331180573495
Master_msaldopesos_lag3	0.000904682195112755	0.00104791317287255	0.00217624449089187
chomebanking_transacciones_lag1	0.000904427913678029	0.00229643692009235	0.00220755736126441
Visa_msaldodolares	0.000901726882321432	0.000821718405040268	0.000978527199142027
active_quarter_lag2	0.00089692173912239	0.00153969794106928	0.00102549650470084
Master_mconsumototal_lag2	0.000895032296135662	0.00110623734425455	0.00222321379645069
mextraccion_autoservicio_lag3	0.000891094695387307	0.00110550337123483	0.00204316479180855
mcomisiones_mantenimiento_lag1	0.000883087247635323	0.00205172329953489	0.00136993807879884
Master_mconsumototal	0.000875555190572449	0.00116544054804041	0.00212927518533305
tcallcenter_lag1	0.000871911902966226	0.00101649196204425	0.00204316479180855
Visa_fultimo_cierre_lag2	0.0008618501615354	0.00153506721359582	0.00209796231496051
mcuenta_debitos_automaticos_lag2	0.000858730857921656	0.00306221377286014	0.00209796231496051
Master_mconsumototal_lag3	0.000857834495544947	0.00110766034934884	0.00220755736126441
Master_mpagominimo_lag2	0.000856510317512052	0.00114339245792417	0.0021605880557056
mcaja_ahorro_dolares_lag2	0.000842529513113936	0.00114232585949224	0.00188660043994583
Master_msaldototal_lag3	0.000842431868693815	0.000926933022338397	0.00197271083347033
mcaja_ahorro_dolares_lag1	0.000834005096164474	0.00152816197495314	0.00191008509272524
Visa_mpagado_lag3	0.000830452009163729	0.00102329633323222	0.00151084599547529
mtransferencias_emitidas_lag1	0.000815681685668824	0.00167189397832122	0.00202750835662228
mtarjeta_master_consumo	0.000815238900965364	0.00331869237110015	0.0010802940278528
Master_msaldopesos_lag1	0.000814178877697406	0.00106626749180404	0.00176134895845565
Master_msaldototal_lag1	0.000808110973753099	0.000877803830755255	0.0017065514353037
aumento_transferencias_emitidas	0.000804737417322365	0.000539067074187512	0.00218407270848501
cpayroll_trx	0.000800875812750255	0.000296092793043918	2.34846527794087e-05
mautoservicio_lag1	0.000792808187038142	0.00127099540574423	0.00191008509272524
Master_mconsumospesos_lag1	0.000787496732337167	0.00115816048943145	0.00199619548624974
Visa_mpagosdolares	0.000786425147257359	0.00200787629187617	0.00169089500011742
mcomisiones_mantenimiento_lag2	0.000784608000451659	0.00238555674931314	0.00117423263897043
tcallcenter_lag3	0.000778649594548713	0.00111825761147283	0.00191791331031837
Visa_mpagosdolares_lag3	0.000771717799748706	0.00254180680328519	0.00165958212974488
mcaja_ahorro_dolares	0.000769962248308284	0.00450189564046333	0.00178483361123506
mpagomiscuentas_lag3	0.000765025427442277	0.00174149545571275	0.00183180291679388
Master_mconsumototal_lag1	0.000755116680583114	0.000809719734442862	0.00191791331031837
Master_msaldototal_lag2	0.00074108967772503	0.0010189069136671	0.00176917717604879
Visa_delinquency_lag1	0.000725820584575301	0.000712105067898095	0.00111160689822534
mpagomiscuentas_lag2	0.000706813606044134	0.00114258526861461	0.00171437965289683
cseguro_accidentes_personales	0.000706430016512124	0.00088671131334102	0.00183963113438701
mtarjeta_visa_consumo_lag3	0.000702319285957034	0.000912412540537405	0.00169089500011742
mextraccion_autoservicio_lag2	0.000691589551931252	0.000899537646345227	0.0016204410417792
mtarjeta_visa_consumo_lag2	0.000688811065633064	0.00117968326983308	0.00165175391215174
Master_msaldopesos_lag2	0.000687019068959913	0.00087274304340375	0.00160478460659293
ccaja_seguridad_lag2	0.000676515048898437	0.00136233850097315	0.000109595046303907
cdescubierto_preacordado_lag1	0.000661101755762919	0.00184307678484818	0.0013621098612057
ctarjeta_visa_transacciones_lag3	0.00064603489035687	0.00109574931359451	0.00147170490750961
aumento_debito_automatico	0.000634374255514728	0.00107539911735382	0.00164392569455861
mpagomiscuentas_lag1	0.000634071868122952	0.00130918047849187	0.00158129995381352
cseguro_accidentes_personales_lag2	0.000615646667683443	0.000661491701600858	0.00149518956028902
mplazo_fijo_dolares	0.000600931924513976	0.00518994794000091	0.000790649976906758
Visa_mpagado	0.000585697826385271	0.00349299470340139	0.00135428164361257
Master_mconsumosdolares_lag3	0.000583357583933722	0.000910078295361907	0.00139342273157825
matm_lag3	0.00058241832983599	0.000906945724229925	0.00152650243066156
Master_cconsumos_lag3	0.000579283782754466	0.00162980796911523	0.00154215886584784
cseguro_accidentes_personales_lag1	0.000575183474933803	0.000612010659867857	0.00152650243066156
active_quarter_lag1	0.000574749511005143	0.00279654656145517	0.00104898115748025
ccaja_seguridad_lag1	0.000572548541536723	0.00122966964752728	0.000101766828710771
ctarjeta_visa_transacciones_lag2	0.000555080126286418	0.00104981698366212	0.0012525148149018
Visa_mpagado_lag1	0.000551275260477262	0.00160198971131164	0.00143256381954393
Master_cconsumos_lag2	0.000548333525516988	0.0016420393963578	0.00126034303249493
Visa_mpagado_lag2	0.000546192901244694	0.000796200873957248	0.00122903016212239
saques_mayores_que_media	0.000537448835355002	0.00203220569672137	0.00126034303249493
matm	0.000526222005899967	0.00107254549217176	0.00110377868063221
mextraccion_autoservicio_lag1	0.000522570234982952	0.000937353454326759	0.00126034303249493
Visa_cadelantosefectivo	0.000500985946503471	0.000450058598641963	0.000477521273181309
Visa_mpagosdolares_lag1	0.000500778980993232	0.000734373368645641	0.00117423263897043
matm_lag2	0.000481920492961083	0.00214097127286738	0.00129948412046061
ctarjeta_visa_transacciones_lag1	0.000480820273213735	0.000756680493376372	0.00102549650470084
disminuyo_uso_tar_master	0.000448363380620215	0.000578763660724225	0.00122120194452925
Visa_mpagosdolares_lag2	0.000444273270182505	0.00107023833639932	0.00115857620378416
ccaja_ahorro_lag1	0.000442498290115177	0.00060818225310156	0.00012525148149018
Visa_msaldodolares_lag1	0.00043905928766723	0.00257802589693578	0.00103332472229398
Visa_msaldodolares_lag3	0.000437609734698179	0.000927116843287721	0.00103332472229398
Master_cconsumos_lag1	0.000433179038210015	0.000756333324574967	0.00107246581025966
ccaja_seguridad_lag3	0.00042768389491923	0.000606548025564996	5.47975231519535e-05
Visa_status_lag1	0.000423793904967167	0.000908205381472129	0.000485349490774446
Visa_madelantodolares_lag2	0.000415814340746348	0.000189379769732392	0.000360098009284266
matm_lag1	0.000415318376016878	0.00100702402842148	0.00106463759266653
Master_mpagosdolares	0.00040604463923083	0.000838643352243581	0.000759337106534213
otros_cajeros	0.000405333049996294	0.000609089436014112	0.00110377868063221
Master_cconsumos	0.0003866718277866	0.00107494739843693	0.00100201185192144
Master_mpagado_lag3	0.000373091775607011	0.00103568324366147	0.000806306412093031
mcheques_emitidos_rechazados_lag1	0.000369787105094668	0.000921730671009621	0.000133079699083316
Visa_delinquency_lag3	0.00036957553814812	0.00123921460493662	0.000673226713009715
Visa_cadelantosefectivo_lag2	0.000367875042973042	0.00135915999020833	0.000375754444470539
Visa_status_lag3	0.000366951849092578	0.000381720648407363	0.00022701831020095
invierte	0.000365678295975927	0.00158048153671719	0.00064191384263717
Visa_msaldodolares_lag2	0.000362673861913919	0.000929843697553624	0.000962870763955755
ctarjeta_debito_transacciones_lag3	0.000356126110692884	0.000720902008242348	0.000876760370431257
matm_other_lag3	0.000348980155785183	0.00112526402966011	0.000853275717651848
Master_mpagosdolares_lag3	0.000346805442684979	0.000926740774961856	0.000915901458396938
disminuyo_pago_mis_cuentas	0.000346567595856504	0.000648135252697635	0.000759337106534213
Master_mconsumosdolares_lag1	0.000341294497194155	0.000868817951187368	0.000798478194499894
Master_mpagado_lag2	0.000337567814406857	0.0010390553125804	0.000735852453754805
matm_other_lag2	0.000323537533568366	0.00116176974667209	0.000790649976906758
Master_mconsumosdolares_lag2	0.000321289675118291	0.000526485731752437	0.000821962847279303
cproductos	0.000318721519571964	0.00167113341524228	0.000180049004642133
Visa_delinquency_lag2	0.000309434157399441	0.0011242370666451	0.000728024236161668
ctarjeta_debito_transacciones	0.000308693690968209	0.00185348485807662	0.000712367800975396
Master_mconsumosdolares	0.000308601478285951	0.000310505291740554	0.000774993541720486
ccaja_ahorro_lag2	0.000306801321861949	9.08300194382833e-05	7.82821759313622e-05
Master_mpagosdolares_lag2	0.00030676878310862	0.000457346397080363	0.000728024236161668
internet_lag2	0.000293722908714047	0.00222402501076051	0.000281815833352904
mplazo_fijo_dolares_lag3	0.000288781182915886	0.0021351569756686	0.00051666236114699
deposito_menos_que_ultimo_mes	0.00028329709712415	0.000681004061304102	0.000665398495416579
mtarjeta_visa_descuentos_lag3	0.00028113927060035	0.00138767701729126	0.000657570277823442
active_quarter_lag3	0.000280953353171129	0.00104643904745313	0.000688883148195987
saco_mas_que_deposito	0.000280904810168798	0.000465959204385396	0.00064191384263717
mtarjeta_master_consumo_lag2	0.000278795594865254	0.00069498175635626	0.000673226713009715
matm_other_lag1	0.000273498406299405	0.00280217635110685	0.00070453958338226
mcheques_emitidos_lag2	0.000271317475511997	0.00218816962667587	0.000485349490774446
mtarjeta_master_consumo_lag3	0.000265469202555833	0.000767210468918574	0.000681054930602851
ctarjeta_debito_transacciones_lag2	0.000262998186764824	0.00204403146951585	0.000735852453754805
Master_madelantodolares	0.000260656879930607	0.000108712083937664	0.00041489553243622
Master_mpagado	0.000260424624015152	0.000552067428518278	0.000665398495416579
Master_status_lag1	0.000256980381459055	0.00135081764000802	0.00041489553243622
Visa_madelantodolares_lag3	0.000256903337725822	0.000103820199638407	0.000461864837995037
mcheques_emitidos	0.000252364555532622	0.00373178048845555	0.000461864837995037
Visa_madelantodolares	0.00024912202289054	8.94258021557958e-05	0.000438380185215628
mttarjeta_master_debitos_automaticos_lag3	0.000248593782212193	0.00138581508896586	0.000618429189857761
Master_mpagosdolares_lag1	0.000245147155830346	0.000981414493236827	0.000602772754671489
Master_msaldodolares_lag3	0.000237955668520248	0.000547662466876294	0.00051666236114699
ctarjeta_debito_transacciones_lag1	0.000237318072678022	0.000652610621820378	0.00064191384263717
mcheques_depositados	0.00023053141587787	0.00359371672421446	0.000375754444470539
ccaja_ahorro_lag3	0.000227478158831398	0.00306142100210382	0.000258331180573495
mcheques_emitidos_rechazados_lag2	0.000224762185144455	0.000937451138464515	0.000148736134269588
Visa_Finiciomora_lag2	0.000224584883167456	0.00145993981007033	0.000383582662063675
mttarjeta_master_debitos_automaticos_lag2	0.000222813328921239	0.00118664150134027	0.000508834143553854
mtarjeta_master_consumo_lag1	0.00021625748035925	0.00096000818478475	0.000563631666705808
mttarjeta_master_debitos_automaticos	0.000213062894252658	0.00131359236852957	0.000524490578740127
Visa_Finiciomora_lag3	0.000212217055486111	0.00471734452896267	0.000720196018568532
Master_madelantopesos_lag3	0.000207278011905521	0.000118236193741889	0.000469693055588173
Master_mpagado_lag1	0.000206389148114915	0.000882307724894583	0.000547975231519535
matm_other	0.000206187888551845	0.000726150361621941	0.000493177708367582
Visa_madelantopesos_lag3	0.000199480294707341	0.000234816750580281	0.000422723750029356
ccomisiones_mantenimiento	0.000189940522446601	0.00523797252060267	0.000422723750029356
mtarjeta_visa_descuentos	0.000188553746195653	0.00264020693768268	0.000438380185215628
mttarjeta_master_debitos_automaticos_lag1	0.000183975143672054	0.000690814045453963	0.000438380185215628
Master_madelantodolares_lag2	0.000181982207123755	5.93333452728941e-05	0.00041489553243622
Master_cadelantosefectivo_lag1	0.000181228690300786	0.000316131773239331	0.000313128703725449
Master_msaldodolares	0.000176097478445212	0.00175258956495274	0.00041489553243622
Visa_madelantopesos	0.000171963707409219	0.000878742347493464	0.000399239097249947
Master_madelantopesos_lag1	0.000171302190659496	0.000181073809214073	0.000320956921318585
mcheques_emitidos_rechazados	0.000161902764881397	0.00162419802838099	0.000234846527794087
Master_cadelantosefectivo_lag3	0.000161227770480302	6.80890897507455e-05	0.000391410879656811
Visa_cadelantosefectivo_lag3	0.000159361776789224	0.000110589741593876	0.000375754444470539
Master_msaldodolares_lag2	0.000157566676235695	0.000232902266316225	0.000367926226877402
Visa_status_lag2	0.000155568375674656	0.00100960825760446	0.000266159398166631
Master_msaldodolares_lag1	0.000154942919595831	0.000609539407227583	0.000375754444470539
Visa_madelantopesos_lag2	0.000150767350613622	0.000501708353069103	0.000375754444470539
aumento_pago_mis_cuentas	0.000147295135751539	0.00096170695251201	0.000461864837995037
mplazo_fijo_dolares_lag2	0.00014141697725468	0.00159119427210307	0.000328785138911721
Master_cadelantosefectivo	0.000140128484764496	5.26301536295237e-05	0.000258331180573495
Visa_madelantopesos_lag1	0.000138109509490618	0.000660246775001791	0.000375754444470539
ccajas_consultas	0.000136020418897294	0.00386417002144362	0.00028964405094604
mcheques_depositados_lag1	0.00013187794226145	0.00227790065275091	0.000242674745387223
Master_delinquency_lag3	0.000130388423374107	0.000409002673349949	0.000250502962980359
saco_mas_que_ultimo_mes	0.000129296585068266	0.000214511058358905	0.000375754444470539
Master_madelantodolares_lag3	0.000128608225726735	5.01040980033393e-05	0.000297472268539176
ctarjeta_master_transacciones_lag3	0.000125780116837076	0.00132667523942909	0.000234846527794087
Master_madelantodolares_lag1	0.000124939061139703	4.60665285880844e-05	0.000297472268539176
Master_madelantopesos	0.000123155472448985	0.000128751126551057	0.000297472268539176
Visa_madelantodolares_lag1	0.000119868124995124	0.000109051075983768	0.00028964405094604
disminuyo_uso_seguro	0.000116946435544693	0.000986915452179038	0.000297472268539176
mforex_sell_lag3	0.00011433880470001	0.00102859724255046	0.000281815833352904
mcheques_emitidos_lag3	0.000111712683348087	0.00147720980386374	0.000305300486132313
mforex_sell	0.000111241942213917	0.00139718265137358	0.000242674745387223
Visa_cadelantosefectivo_lag1	0.000105048778508402	0.00112437263849635	0.000281815833352904
Master_delinquency_lag2	0.000104365862907992	0.00100755944984874	0.000320956921318585
mcheques_emitidos_lag1	0.000102606864350357	0.00104221647114695	0.000250502962980359
Master_madelantopesos_lag2	9.85700114142259e-05	0.000181308001472769	0.000258331180573495
Master_cadelantosefectivo_lag2	9.81086430286825e-05	6.57532841257623e-05	0.000266159398166631
ctarjeta_master	9.28411660443007e-05	5.99271275108949e-05	5.47975231519535e-05
ctarjeta_master_transacciones_lag2	9.05274697287475e-05	0.000170513560951863	0.000148736134269588
cprestamos_personales_lag1	9.01238373621064e-05	0.00215760472810691	0.000219190092607814
cpagomiscuentas	8.76785341671248e-05	0.00310810010074171	0.000234846527794087
mplazo_fijo_dolares_lag1	8.75322024239859e-05	0.000707379714767868	0.000211361875014678
cprestamos_personales_lag2	8.67548226329967e-05	0.000707110942948586	0.000101766828710771
mforex_sell_lag2	8.57295355240304e-05	0.000368360766515273	0.000187877222235269
mtarjeta_visa_descuentos_lag1	8.50752161525768e-05	0.000736403700679457	0.00022701831020095
cprestamos_personales	8.37046908686054e-05	0.000760350171221063	0.000164392569455861
mforex_sell_lag1	8.35830973104541e-05	0.000815226373421197	0.000242674745387223
ccheques_emitidos_rechazados_lag1	8.25261638428078e-05	0.000442588102777869	3.91410879656811e-05
minversion2	8.19958339289134e-05	0.00294549296282205	0.000273987615759768
disminuye_num_inversion	8.12571186708202e-05	0.00187598316907824	0.000211361875014678
ccajas_depositos	7.85311741844029e-05	0.00248581725158656	0.000180049004642133
mtarjeta_visa_descuentos_lag2	7.80092027263061e-05	0.000841973601116312	0.000234846527794087
ccomisiones_otras	7.39001762113301e-05	0.000780139666752827	0.000164392569455861
cplazo_fijo	7.29500424105961e-05	0.0031352054828026	0.00022701831020095
mforex_buy_lag3	7.23739384099545e-05	0.000642424007582837	0.000172220787048997
Master_Finiciomora_lag2	7.13412112527633e-05	0.0023135235298623	0.000250502962980359
mforex_buy	7.12623082466773e-05	0.00260203297533537	0.000266159398166631
ctarjeta_master_transacciones	7.10737308815916e-05	0.000875124414153693	0.000156564351862724
mcheques_depositados_lag2	6.98197478613204e-05	0.000312685801432798	0.00012525148149018
ccomisiones_otras_lag3	6.47257272356277e-05	0.000736933254816659	0.000203533657421542
cprestamos_personales_lag3	6.33948978142628e-05	0.00175097200301668	0.000164392569455861
ccajas_depositos_lag1	6.1999849031126e-05	0.00182328747657035	0.000133079699083316
ctarjeta_visa_lag1	6.092524842336e-05	0.000772370313603382	0.000148736134269588
mtarjeta_master_descuentos	6.0150398186815e-05	0.00157314024607045	0.000180049004642133
cinversion1	5.93802586478994e-05	0.001946829073725	0.000140907916676452
minversion2_lag3	5.76413884613033e-05	0.000612642267401372	0.000133079699083316
minversion2_lag1	5.6218191124941e-05	0.000806812367380543	0.000133079699083316
disminuye_val_inversion	5.58705787690316e-05	0.000329947493634956	0.000148736134269588
mprestamos_prendarios_lag3	5.45344026534091e-05	0.00146057709763997	0.000156564351862724
mcaja_ahorro_adicional	5.13222889401625e-05	0.00147476227005564	0.000172220787048997
ccheques_emitidos	5.12216478593736e-05	0.00238107570015428	0.000180049004642133
Master_status_lag3	5.1157896061428e-05	0.000293699625295869	0.000133079699083316
cextraccion_autoservicio_lag3	5.06062103114506e-05	0.000225357742728567	0.000133079699083316
minversion2_lag2	5.0430936708909e-05	0.000489776656963588	0.000140907916676452
cproductos_lag2	4.90980630730108e-05	0.00187972437792732	0.000187877222235269
tiene_seguro	4.86982899823451e-05	0.00132808407564206	0.000101766828710771
mtarjeta_master_descuentos_lag3	4.77537593090896e-05	0.00178628978104477	0.000164392569455861
ctarjeta_master_transacciones_lag1	4.75751102920764e-05	0.000497045730008169	0.000148736134269588
ccomisiones_mantenimiento_lag1	4.69800575836131e-05	0.00288139475383797	0.00022701831020095
mcheques_emitidos_rechazados_lag3	4.66184832924258e-05	0.000628316233461615	7.82821759313622e-05
cinversion1_lag1	4.6339318014418e-05	0.00173205298862558	0.00012525148149018
Master_status_lag2	4.46299043840753e-05	0.000410506447309574	0.000140907916676452
mcheques_depositados_lag3	4.42634569112851e-05	0.00142108024863732	0.000187877222235269
ccomisiones_mantenimiento_lag3	4.27376849137273e-05	0.00231157321767807	0.000187877222235269
cpagomiscuentas_lag3	4.22827857205861e-05	0.00148193521941195	0.00012525148149018
ctarjeta_visa_lag2	4.21137250884267e-05	0.000334505004818585	8.61103935244984e-05
mpagodeservicios_lag2	4.11628400809159e-05	0.000647584850955315	0.000109595046303907
mcaja_ahorro_adicional_lag1	3.94115210030461e-05	0.000874315539558691	0.000140907916676452
mcaja_ahorro_adicional_lag2	3.89994099016346e-05	0.00034033971269663	9.39386111176346e-05
mcaja_ahorro_adicional_lag3	3.82990123843862e-05	0.00045019853975177	9.39386111176346e-05
mforex_buy_lag2	3.702113809516e-05	0.000749377652204937	0.000117423263897043
mpagodeservicios_lag3	3.69306703908102e-05	0.000838192070252542	0.000140907916676452
ctarjeta_debito_lag3	3.43569575124232e-05	0.00144527788912802	0.000117423263897043
cseguro_vida_lag2	3.391307994936e-05	0.00100473422484731	0.000109595046303907
cseguro_auto_lag2	3.31807506000725e-05	3.07892912048864e-05	3.13128703725449e-05
internet_lag3	3.24728485478923e-05	0.000682239999714136	0.000117423263897043
mtarjeta_master_descuentos_lag1	3.2174982652844e-05	0.000858620725893329	0.000117423263897043
cproductos_lag1	3.17879840198021e-05	3.1039400048329e-05	4.69693055588173e-05
ctarjeta_debito_lag2	3.14302076858983e-05	0.000709112562711879	8.61103935244984e-05
ctransferencias_emitidas	3.03868095978989e-05	0.000901087859281524	9.39386111176346e-05
cextraccion_autoservicio_lag2	2.93388737154934e-05	0.000438361282049083	9.39386111176346e-05
mpagodeservicios_lag1	2.86023940552448e-05	0.000643412958048398	8.61103935244984e-05
ctransferencias_recibidas	2.84105557466325e-05	0.000177342087897862	6.26257407450898e-05
ctransferencias_emitidas_lag1	2.82320973385269e-05	0.00138435663045927	0.00012525148149018
cseguro_vida_lag3	2.79882596175264e-05	0.000884805754848018	0.000101766828710771
Master_Finiciomora_lag3	2.78066066886105e-05	0.000409597579111578	9.39386111176346e-05
mforex_buy_lag1	2.75021548070039e-05	0.000370128755781684	6.26257407450898e-05
catm_trx	2.74444537770682e-05	0.00074281377749158	9.39386111176346e-05
mtarjeta_master_descuentos_lag2	2.72135101942615e-05	0.000362642593004761	7.0453958338226e-05
pago_servicios	2.71114545595373e-05	0.000324766489255133	8.61103935244984e-05
mprestamos_prendarios_lag2	2.65417931399712e-05	0.000814534345283626	8.61103935244984e-05
cproductos_lag3	2.64951665051648e-05	0.000391721319484281	7.82821759313622e-05
disminuyo_pago_servicios	2.56458873446365e-05	0.000253835446484476	7.82821759313622e-05
ctransferencias_recibidas_lag3	2.54699275500277e-05	0.000718926978538278	8.61103935244984e-05
cseguro_vida_lag1	2.53353998310921e-05	0.000740976504268039	0.000101766828710771
ccomisiones_otras_lag1	2.52746489178348e-05	0.000406978271024175	7.0453958338226e-05
ctarjeta_debito	2.50127001826012e-05	0.000822134795380824	7.82821759313622e-05
cpagomiscuentas_lag2	2.37179495250204e-05	0.000318725614791141	7.0453958338226e-05
minversion1_pesos	2.31545187463207e-05	0.000276314345494506	4.69693055588173e-05
cseguro_auto_lag3	2.23883466886957e-05	0.000143712903466384	3.91410879656811e-05
ccajas_otras_lag3	2.1946695078631e-05	0.00123406443503862	9.39386111176346e-05
ctransferencias_recibidas_lag2	2.1337293373847e-05	0.000714543988025042	9.39386111176346e-05
ccomisiones_otras_lag2	2.05842380602756e-05	0.000146614215984702	8.61103935244984e-05
cpagomiscuentas_lag1	2.02768280269841e-05	0.00121366524068411	0.000101766828710771
mcajeros_propios_descuentos_lag3	1.92504038118035e-05	0.00033373682674615	5.47975231519535e-05
cseguro_auto	1.9248306621018e-05	0.00194855961220378	0.000140907916676452
ctransferencias_emitidas_lag3	1.87310147788026e-05	6.11859733193676e-05	3.91410879656811e-05
ccheques_emitidos_rechazados	1.84113248854423e-05	0.000216506623578197	1.56564351862724e-05
mprestamos_hipotecarios_lag2	1.8054771405361e-05	0.000484904059819964	3.91410879656811e-05
mprestamos_prendarios_lag1	1.76756100192351e-05	0.00129503150850425	0.000101766828710771
catm_trx_lag2	1.74584043930398e-05	0.00108492204121644	0.000101766828710771
ctarjeta_master_lag3	1.7376130126102e-05	0.000400602773772638	5.47975231519535e-05
minversion1_pesos_lag2	1.70459129186172e-05	0.000221622213915613	3.91410879656811e-05
ctransferencias_recibidas_lag1	1.67477321580697e-05	6.75991086124815e-05	3.13128703725449e-05
mcajeros_propios_descuentos_lag2	1.66452303964214e-05	0.000319598280561086	3.91410879656811e-05
ccajas_otras	1.65521281355275e-05	0.00149629116741925	0.000117423263897043
mprestamos_prendarios	1.59534719155066e-05	0.000662628333005672	6.26257407450898e-05
cpagodeservicios_lag3	1.54802317806375e-05	0.00137133505401551	0.000101766828710771
cliente_vip_lag1	1.54147257471393e-05	0.000761808067965831	6.26257407450898e-05
cliente_vip	1.47090665440381e-05	0.000791274285261446	6.26257407450898e-05
ccheques_emitidos_rechazados_lag2	1.46612989661992e-05	0.000108253311789099	7.82821759313622e-06
ccheques_emitidos_lag3	1.45907112957056e-05	0.000488109784823799	5.47975231519535e-05
cplazo_fijo_lag2	1.45190817002509e-05	0.000959313285420126	7.0453958338226e-05
cplazo_fijo_lag3	1.42153246699527e-05	0.000970270886539176	7.0453958338226e-05
cextraccion_autoservicio	1.41665983451489e-05	0.000124732657037498	3.13128703725449e-05
ctransferencias_emitidas_lag2	1.40642457618109e-05	0.000541887180914635	7.0453958338226e-05
cinversion2_lag2	1.38173939912594e-05	0.00129586616172474	9.39386111176346e-05
ccajas_consultas_lag3	1.37799643506432e-05	0.00119080478056603	9.39386111176346e-05
catm_trx_lag3	1.35922153863019e-05	0.000136217877336387	3.13128703725449e-05
ctarjeta_visa_lag3	1.33094635632172e-05	0.000313646414135714	4.69693055588173e-05
mcajeros_propios_descuentos_lag1	1.31828343394892e-05	0.000849881647015977	7.82821759313622e-05
cpayroll_trx_lag3	1.30808198537609e-05	0.00135772880835875	0.000101766828710771
mprestamos_hipotecarios_lag1	1.29957627671731e-05	0.000323481240641375	2.34846527794087e-05
mcheques_depositados_rechazados_lag3	1.28980000744892e-05	4.03868669708611e-05	2.34846527794087e-05
qtd_debito_automatico	1.14085096288812e-05	0.000168549828902063	2.34846527794087e-05
cliente_vip_lag2	1.13728885728763e-05	0.00043932176991604	3.91410879656811e-05
ccallcenter_transacciones	1.07811611538459e-05	0.000377575407977648	3.91410879656811e-05
ccajas_depositos_lag3	1.07123035363897e-05	0.000543291772704998	4.69693055588173e-05
cinversion2_lag3	1.05429856614054e-05	0.000973993182740498	7.0453958338226e-05
ctarjeta_debito_lag1	1.01866174750063e-05	0.000210450831217129	3.91410879656811e-05
ccuenta_debitos_automaticos	8.92768643757586e-06	0.000755819000424739	5.47975231519535e-05
ccuenta_debitos_automaticos_lag3	8.41170654080712e-06	0.00101258983964428	7.82821759313622e-05
cpayroll_trx_lag1	8.14084526393765e-06	6.99549504088511e-06	7.82821759313622e-06
mprestamos_hipotecarios	8.09632817517553e-06	0.000271350680518943	2.34846527794087e-05
ccheques_emitidos_lag2	7.97765841334545e-06	0.000367315827122192	3.13128703725449e-05
ctarjeta_visa_descuentos_lag1	7.97519890723485e-06	0.000433013247156395	3.13128703725449e-05
ccajas_otras_lag2	7.66991165525074e-06	6.47907364654857e-05	1.56564351862724e-05
cforex_buy_lag3	7.48237966474244e-06	8.76928917938052e-06	7.82821759313622e-06
ccajas_extracciones_lag3	7.44942762624575e-06	0.000865739870951399	6.26257407450898e-05
ccomisiones_mantenimiento_lag2	7.39612123163453e-06	2.90929577788223e-05	7.82821759313622e-06
cseguro_vida	7.35117061760824e-06	1.36083054500891e-05	2.34846527794087e-05
cextraccion_autoservicio_lag1	7.29253333361471e-06	1.12664452811043e-05	1.56564351862724e-05
ccajas_depositos_lag2	7.2006527297376e-06	0.000541266558945493	3.91410879656811e-05
ctarjeta_master_debitos_automaticos_lag2	7.11079719150257e-06	0.000327335613287101	3.13128703725449e-05
minversion1_pesos_lag1	7.08572854734159e-06	0.000141615035178861	3.13128703725449e-05
mcajeros_propios_descuentos	7.04573200490345e-06	7.02848294299626e-05	1.56564351862724e-05
mcheques_depositados_rechazados_lag1	6.68773306513974e-06	3.06286273259193e-05	1.56564351862724e-05
mcheques_depositados_rechazados_lag2	6.66240246133148e-06	0.000202841642602816	1.56564351862724e-05
cliente_vip_lag3	6.05962718809825e-06	0.000114978849069093	2.34846527794087e-05
mcheques_depositados_rechazados	5.71639007222098e-06	3.2755083048006e-06	7.82821759313622e-06
catm_trx_other	5.60326933521183e-06	0.000534412815135818	3.91410879656811e-05
ctarjeta_visa_debitos_automaticos_lag2	5.48014569617522e-06	4.17116261655767e-05	1.56564351862724e-05
catm_trx_other_lag3	5.43704752616909e-06	0.000754708896661168	5.47975231519535e-05
ctarjeta_visa_debitos_automaticos_lag3	5.38708504187945e-06	0.000140072874161907	2.34846527794087e-05
ccajas_otras_lag1	5.25002861330374e-06	0.000457865652250964	3.91410879656811e-05
mpagodeservicios	5.09534478559754e-06	2.31086964221431e-05	7.82821759313622e-06
ccallcenter_transacciones_lag1	5.03746219319738e-06	8.48498152502649e-05	1.56564351862724e-05
catm_trx_other_lag2	5.02302942047767e-06	0.000119214782822871	1.56564351862724e-05
cseguro_auto_lag1	5.01215299109102e-06	7.70350218118187e-06	7.82821759313622e-06
ccajeros_propios_descuentos_lag3	4.60309916503635e-06	0.000216506623578197	1.56564351862724e-05
ctarjeta_visa_debitos_automaticos_lag1	4.5734479518561e-06	0.000168420436430774	2.34846527794087e-05
ctarjeta_master_descuentos_lag3	4.47193601892071e-06	0.000541266558945493	3.91410879656811e-05
cforex_buy	4.28749284311938e-06	0.000320148495049468	2.34846527794087e-05
ccallcenter_transacciones_lag3	4.2506122899176e-06	6.1802038776013e-05	1.56564351862724e-05
catm_trx_other_lag1	4.03023896543971e-06	5.90598921051572e-06	7.82821759313622e-06
ccallcenter_transacciones_lag2	3.74752508813568e-06	1.6767279387356e-05	1.56564351862724e-05
ctarjeta_master_lag2	3.6571200752844e-06	0.000217909217993221	2.34846527794087e-05
clase_ternaria_lag1	3.44583430767569e-06	0.000541177987832729	3.91410879656811e-05
ctarjeta_visa_debitos_automaticos	3.37708605714016e-06	5.28742703469442e-07	7.82821759313622e-06
minversion1_pesos_lag3	3.23544255392371e-06	0.000247024396572708	2.34846527794087e-05
mprestamos_hipotecarios_lag3	3.13161430915951e-06	0.000207781026984394	1.56564351862724e-05
ccajas_consultas_lag2	3.0504814428563e-06	9.92617521850865e-05	7.82821759313622e-06
ccheques_emitidos_rechazados_lag3	2.939916871618e-06	8.99155960401216e-06	7.82821759313622e-06
ccuenta_debitos_automaticos_lag1	2.8537904391386e-06	0.000323804378520712	2.34846527794087e-05
minversion1_dolares_lag3	2.71123039395815e-06	0.000216506623578197	1.56564351862724e-05
ccajas_extracciones_lag1	2.68274877674677e-06	0.000431649414306577	3.13128703725449e-05
ctarjeta_master_debitos_automaticos	2.5330524959881e-06	8.11371314177698e-06	7.82821759313622e-06
ctarjeta_master_descuentos	2.44975172176269e-06	0.000108253311789099	7.82821759313622e-06
ccajas_consultas_lag1	2.34820627826775e-06	2.06447466854584e-06	7.82821759313622e-06
cseguro_vivienda	2.17024704373883e-06	8.43454155587602e-06	7.82821759313622e-06
ctarjeta_master_debitos_automaticos_lag3	1.90323532759853e-06	0.000215219502425058	1.56564351862724e-05
catm_trx_lag1	1.84067892734466e-06	0.000321980837252637	2.34846527794087e-05
aumento_pago_servicios	1.33852762761892e-06	0.00021387227275776	1.56564351862724e-05
cinversion2_lag1	5.48027502159098e-07	0.000108253311789099	7.82821759313622e-06
cprestamos_prendarios_lag2	5.43404628947911e-07	0.000108253311789099	7.82821759313622e-06
cpagodeservicios	5.03438464254403e-07	0.000108253311789099	7.82821759313622e-06
ccajas_extracciones_lag2	4.65447768166824e-07	0.000108253311789099	7.82821759313622e-06
