Feature	Gain	Cover	Frequency
Visa_status	0.0519130377139006	0.00225613297696326	0.00134379312849568
disminuye_saldo_ahorro	0.0339063699903486	0.00897158055478726	0.00379530761967023
recibe_sueldo	0.031873039584393	0.0107271804920356	0.00170092733832111
cdescubierto_preacordado	0.0260577578344235	0.00396018279570508	0.00356528897605385
ctrx_quarter_lag1	0.0248070571055397	0.00265964291602919	0.00191883973753662
mtarjeta_visa_consumo	0.0235794611817599	0.00411381288676543	0.00185830851553231
saldo_pos	0.0229791021752172	0.00423644651040571	0.00616207840003874
deudas	0.0201774252615938	0.0071134948897195	0.00468511658313358
usa_tarjeta_visa	0.0195101672032826	0.00296899087015313	0.0027360112345948
disminuye_saldo_corriente	0.0192745318435344	0.00464080426503377	0.00699740926369822
ctrx_quarter	0.0190038171983768	0.0128076791546866	0.00216096462555386
mcaja_ahorro_lag1	0.0188232947536741	0.0018259716543237	0.0016403961163168
mcaja_ahorro	0.0183429046251328	0.0111123017002091	0.00194305222633835
ctarjeta_visa_transacciones	0.0157179693576188	0.00517809195952698	0.00141643059490085
usa_tarjeta_debito	0.0123403856507849	0.00342838716803881	0.00570809423500642
mcuentas_saldo_lag3	0.0119599193990388	0.00429364706480033	0.00333527033243747
cajaahorro_saldo_pos	0.0116606125803079	0.00319472473080635	0.0057625723348103
tiempo_sin_disminuir	0.0104342414157248	0.00264078524515387	0.00737270284012494
Visa_mpagospesos	0.00895667264892768	0.00387412137079014	0.00536306626958185
tiempo_sin_aumento	0.00874062418939421	0.003647785335345	0.00559308491319823
activos	0.00839920989111769	0.00813904591981946	0.00303261422241592
Visa_delinquency	0.00809726941590993	0.00311068987133609	0.00202779593714438
thomebanking	0.00807180190273183	0.00324278060644774	0.00748771216193313
mcuentas_saldo	0.00791011492920452	0.00466280360106991	0.00304472046681678
aumento_saldo_ahorro	0.00684606013980004	0.00414403461413436	0.00671291252027796
balance	0.00641675194761365	0.00500963021606974	0.00219123023655602
aumento_saldo_corriente	0.00622206715998668	0.00404004746383368	0.00766325270574562
mpayroll	0.00608585523887874	0.00690041635776588	0.00126510253989008
mpasivos_margen	0.00606973800191623	0.00475082130861323	0.00220938960315731
Visa_Finiciomora	0.00557226673215781	0.0086039128738728	0.00174935231592455
tiempo_sin_disminuir_cc	0.00548949667945225	0.0071208801708198	0.00303261422241592
Master_Finiciomora	0.0051216913474211	0.00546786033119895	0.000907968330064647
recibe_transferencias	0.00494657241736303	0.00217104259526352	0.00815355560398053
Visa_Finiciomora_lag1	0.00454879430079595	0.00387667121740183	0.00125904941768964
mprestamos_personales	0.00425850643166021	0.01099175165953	0.00272995811239437
Visa_msaldopesos	0.0041566212467326	0.00330904392055144	0.00417665431829738
mcomisiones_otras	0.00414988332400056	0.00274394040516233	0.00452773540592238
mcuenta_corriente_lag2	0.00396231372689443	0.00272648990332252	0.003595554587056
active_quarter_lag3	0.0039423059709243	0.00230359249592665	0.00168276797171981
tmobile_app_lag3	0.00378031808952845	0.00238584887433028	0.00825040555918743
foto_mes_lag3	0.00374206036974362	0.00318633361416954	0.001446696205903
tmobile_app_lag2	0.00354867357682442	0.00221761357186727	0.00717294980751071
tiene_debito_automatico	0.00345985979904633	0.00284422304596044	0.00732427786252149
thomebanking_lag1	0.00345839854286543	0.00224348893540468	0.00763298709474347
Visa_mpagominimo	0.00335705139534852	0.00445359190399756	0.00501198518195685
thomebanking_lag2	0.00333893521209758	0.00196825688866642	0.00745139342873054
cmobile_app_trx_lag3	0.00332058069655686	0.00277115125857162	0.00691871867509261
Master_Fvencimiento_lag2	0.0033184413969313	0.0029782470239693	0.00708820609670468
Master_fechaalta_lag3	0.00330727059302295	0.00257700626569899	0.00677344374228227
mcuenta_corriente	0.00329298052441202	0.00580505796764188	0.00410401685189221
Master_fechaalta	0.00328269111828762	0.00356802062241375	0.00651315948766374
Visa_Fvencimiento	0.00321027036828928	0.00410582938719067	0.00659790319846977
Master_Fvencimiento_lag3	0.00318685554383589	0.00306306046344589	0.00677344374228227
Master_Fvencimiento	0.00314425221323982	0.00341192656010334	0.00673107188687925
thomebanking_lag3	0.00311389242855046	0.00195405312712504	0.00676133749788141
tmobile_app_lag1	0.00311245498200655	0.00225842321933132	0.00681581559768529
Visa_fechaalta	0.00305916546383292	0.00316889137405152	0.005744412968209
cmobile_app_trx_lag2	0.00305536841039599	0.0032586596357146	0.00580494419021331
Visa_delinquency_lag1	0.00303341165554599	0.00134236013352987	0.00119851819568533
Master_fechaalta_lag2	0.00301617931243543	0.00264137089650224	0.00607128156703228
Visa_Fvencimiento_lag2	0.00297132638605264	0.00296243350666531	0.00613181278903659
Visa_msaldototal	0.0029539006514101	0.00294503478603949	0.00355318273165299
mprestamos_personales_lag3	0.00294503285245444	0.00365968396014665	0.00265126752378877
foto_mes_lag1	0.00292618133880729	0.00210253348918219	0.00185830851553231
Master_Fvencimiento_lag1	0.0028745340402345	0.00280490644289353	0.0061923440110409
Visa_Fvencimiento_lag1	0.00286962859599031	0.00431211317660805	0.0064284157768577
Master_fechaalta_lag1	0.00285914195117275	0.00300692485662532	0.00593811287862279
foto_mes_lag2	0.00278983645631852	0.00284372466632105	0.0016403961163168
mcuenta_corriente_lag1	0.00277374317971625	0.00295474847633525	0.003595554587056
tmobile_app	0.00274629259928469	0.00241181907312478	0.00581099731241374
mcomisiones	0.00274464571829726	0.00286877618492574	0.00398295440788359
tcallcenter	0.00272477719247614	0.00287171735788048	0.00321420788842885
Visa_mpagospesos_lag3	0.0027082664737404	0.00261418890093805	0.00551439432459263
mactivos_margen	0.00270462257360332	0.00730482426453603	0.00304472046681678
mcomisiones_lag2	0.00270172039073047	0.00145268867892923	0.00411006997409264
tiempo_sin_aumento_cc	0.00268936469852464	0.00507757054333311	0.00288733928960558
Visa_mconsumototal_lag3	0.0026796262423963	0.00227348014909964	0.0053328006585797
Visa_Fvencimiento_lag3	0.00267566986987892	0.00293684055437813	0.00582915667901504
aumento_transferencias_recibidas	0.00266651789005794	0.00126584227725933	0.00598048473402581
Visa_mconsumospesos_lag3	0.00266371315464835	0.00233312198409999	0.00547807559139004
Visa_mconsumototal	0.00260527971397509	0.00237532704800942	0.00479407278274134
Visa_mpagospesos_lag1	0.00259074322695155	0.00244950322978474	0.00458826662792668
disminuyo_debito_automatico	0.0025733066140878	0.00205780604015883	0.00435824798431031
mcomisiones_otras_lag3	0.0025640054267979	0.00228140360573862	0.00403137938548703
mcomisiones_otras_lag1	0.00247340428600079	0.00261741935051747	0.00406769811868962
Visa_fechaalta_lag2	0.00244627139289427	0.00269299187963639	0.00484855088254522
Visa_fechaalta_lag1	0.0024340648240002	0.00279416655366251	0.00515120699256677
Visa_fechaalta_lag3	0.00241047212531398	0.00230807290910315	0.0048848696157478
mautoservicio	0.00238097787236697	0.00484815975103736	0.0020520084259461
mrentabilidad	0.00236877221372944	0.0038907399987	0.00367424517566161
Visa_mconsumospesos	0.00235994605693109	0.0027534889773847	0.00502409142635772
mcomisiones_lag3	0.00230027371462199	0.00208536644585314	0.00400111377448488
Visa_mconsumototal_lag2	0.0022882170137805	0.00254007962747293	0.00492118834895039
Master_mfinanciacion_limite	0.00228754688346676	0.00255968143512011	0.00465485097213143
Visa_mconsumospesos_lag2	0.00225048552381837	0.00241106911823899	0.0047274884385366
Master_mlimitecompra	0.00223712698026838	0.0027817497676341	0.00469116970533401
mrentabilidad_annual_lag2	0.00221326667443809	0.00264060849085263	0.00357739522045471
cuentacorriente_saldo_pos	0.00220832059488394	0.00239866466661212	0.00175540543812498
Visa_mpagominimo_lag1	0.00220773730647342	0.00225692994220962	0.00410401685189221
mprestamos_personales_lag2	0.00220473590711805	0.00401528440731772	0.00239703639137067
Visa_mconsumosdolares_lag3	0.00218887487542502	0.00289812659155227	0.00459431975012712
mcuenta_corriente_lag3	0.00218559479068622	0.00356177126987746	0.00312946417762282
mrentabilidad_annual_lag3	0.00217699264498948	0.00331424868891243	0.00400111377448488
hace_transferencias	0.002172818148453	0.00171979305322952	0.00480012590494177
Visa_mconsumospesos_lag1	0.0021694895559726	0.00174995985760293	0.00489092273794823
mrentabilidad_annual	0.00215060600843595	0.00426631054013012	0.00364397956465945
Visa_mpagospesos_lag2	0.00214194948890441	0.00174359111736877	0.00426139802910341
Master_mfinanciacion_limite_lag2	0.00213773286685673	0.00195626668675148	0.00435824798431031
disminuyo_tarjetas	0.00213586949929648	0.00238844852399723	0.000895862085663785
cmobile_app_trx_lag1	0.00213555467963134	0.00286137216949858	0.00453378852812281
mcomisiones_otras_lag2	0.00212538268544499	0.00158403737179004	0.00377714825306893
Master_mfinanciacion_limite_lag3	0.00210573842531585	0.00224828515580539	0.00443088545071548
Visa_mlimitecompra	0.00210360852022693	0.00270098585181623	0.00352291712065083
Visa_mpagominimo_lag2	0.00210203802098866	0.00191485311906132	0.0041221762184935
Master_mlimitecompra_lag3	0.00208797238074688	0.0024632828508205	0.00441272608411419
Master_delinquency_lag1	0.00204993748842632	0.000941780894813595	0.000877702719062492
mcomisiones_lag1	0.00204343002915057	0.00205825962032094	0.00362582019805816
disminuyo_transferencias_recibidas	0.00202979961430766	0.00127948994347112	0.00469116970533401
mextraccion_autoservicio	0.00200801069923969	0.00218573705653389	0.00128326190649137
Visa_mconsumototal_lag1	0.00198849243667711	0.00172691558830466	0.00432798237330815
mrentabilidad_annual_lag1	0.00197095386304812	0.00288844478452086	0.00352897024285126
Master_mfinanciacion_limite_lag1	0.00196717107918564	0.00220077804467004	0.00397084816348273
pago_mis_cuentas	0.00196645380387643	0.00145648371828458	0.00397084816348273
mpayroll_lag3	0.00196036163982729	0.00292201960731089	0.00160407738311421
Visa_cconsumos_lag3	0.00195148760244802	0.00211493549720121	0.00398900753008402
mprestamos_personales_lag1	0.00194712197470867	0.00288192151518067	0.00222149584755817
Master_fultimo_cierre_lag1	0.00194310658695972	0.00296200471166854	0.0040434856298879
mrentabilidad_lag1	0.00194128001062671	0.00211230128793751	0.00311735793322196
numero_de_cliente	0.00188665705455171	0.00226633445793104	0.00376504200866807
Visa_mfinanciacion_limite	0.00188353573637468	0.00214154394309402	0.00360160770925643
ccajas_transacciones	0.00187287392974322	0.00229302947735915	0.00346843902084695
cliente_edad_lag2	0.0018555656411014	0.00317741956545256	0.00345027965424566
Visa_mconsumosdolares_lag2	0.00184189504255858	0.00174756256193853	0.00403137938548703
Master_status	0.00183541991090277	0.00164702322595375	0.00160407738311421
Master_mlimitecompra_lag1	0.00183535797040065	0.00160959134271387	0.003946635674681
Visa_msaldototal_lag3	0.00182363537436501	0.00125876174896677	0.00291760490060773
numero_de_cliente_lag3	0.0018233609394574	0.00212103346241299	0.00360766083145687
disminuyo_uso_tar_debito	0.00179097392771914	0.00192933033195748	0.00399506065228445
Master_delinquency	0.00178145278902059	0.00216024976119572	0.00152538679450861
Master_fultimo_cierre	0.00178022097201751	0.00202034367000194	0.00389215757487712
mcuenta_debitos_automaticos	0.00177348478676081	0.00407521924253567	0.0018946272487349
Visa_mpagominimo_lag3	0.00176389713668746	0.00157207777315438	0.00391637006367885
cliente_edad	0.00176188914148641	0.00305097926622907	0.00309919856662066
Visa_msaldopesos_lag3	0.00176050148723005	0.00168488739505876	0.00264521440158834
Visa_mconsumosdolares_lag1	0.0017595766987391	0.00223228033891533	0.00388005133047626
numero_de_cliente_lag1	0.00174713223069473	0.00208562884279145	0.00358950146485557
mcaja_ahorro_lag3	0.00172467463017734	0.00252024032441506	0.00260284254618532
Master_mlimitecompra_lag2	0.00170693304735333	0.0019249832699523	0.00362582019805816
cliente_edad_lag1	0.00170630446928268	0.00368818946026802	0.00320815476622842
Visa_cconsumos_lag1	0.00170624365056938	0.00212943749526272	0.00348659838744825
tiempo_sin_disminuir_ah	0.00168371476090986	0.00460516854992687	0.0013680056172974
foto_mes	0.00167859666813865	0.00277240087308186	0.00147090869470473
Visa_fultimo_cierre	0.00166823831431993	0.00203889647170724	0.00288733928960558
mcomisiones_mantenimiento	0.00166601041052843	0.00864611258511741	0.00105324326287499
Visa_mfinanciacion_limite_lag3	0.00163984036681362	0.00181219447689579	0.00304472046681678
Visa_cconsumos_lag2	0.00163707423418888	0.00190750076848587	0.00317788915522627
Visa_mconsumosdolares	0.00163194420817365	0.00183264689279978	0.00355923585385342
mrentabilidad_lag3	0.00163040302720758	0.00312418044847173	0.00322631413282971
cliente_edad_lag3	0.00161099727463896	0.00268913132831817	0.00305682671121765
Visa_cconsumos	0.00160660736010558	0.00180474333474579	0.00346843902084695
numero_de_cliente_lag2	0.00156941747054	0.00194412567932343	0.00334737657683833
ccajas_transacciones_lag3	0.00156410113746563	0.00157613625670855	0.00346238589864652
Visa_mfinanciacion_limite_lag1	0.00155086010960087	0.00233621908250809	0.00320210164402799
Master_fultimo_cierre_lag3	0.00154015223546533	0.00162675745514469	0.0032626328660323
ccajas_transacciones_lag2	0.00152696195140365	0.00172075932559129	0.00354107648725213
Visa_mlimitecompra_lag2	0.00152469226452659	0.00195340370924798	0.00299024236701291
ccajas_transacciones_lag1	0.00150668086340436	0.00175978804838086	0.00331105784363575
Visa_msaldototal_lag1	0.00149077703186348	0.00164346521655998	0.0028328611898017
mcuentas_saldo_lag1	0.00148677036823252	0.0028607594057393	0.00263310815718748
cliente_antiguedad	0.00148325167794308	0.00208486969528565	0.00311130481102152
Visa_msaldopesos_lag1	0.00148266242944723	0.00232453130615533	0.00297208300041161
Visa_mlimitecompra_lag3	0.0014706358588645	0.00175405534436171	0.00306287983341808
chomebanking_transacciones	0.00146974872807959	0.00254792709954396	0.00264521440158834
mcuentas_saldo_lag2	0.00146796915817259	0.00246993702772415	0.00280864870099998
Master_fultimo_cierre_lag2	0.00146680734788461	0.00232076349557318	0.0033413234546379
Visa_msaldodolares	0.00146669758337276	0.000997776750537529	0.00123483692888792
Master_mpagospesos_lag3	0.00146217099942653	0.00209309057390882	0.0030870923222198
Visa_msaldopesos_lag2	0.0014557944126752	0.00136639348219652	0.00285707367860342
Visa_mfinanciacion_limite_lag2	0.00144716363703579	0.00168164042203578	0.00312341105542239
Visa_mlimitecompra_lag1	0.00144282587127014	0.00213718210307944	0.00302050797801506
cmobile_app_trx	0.00143713802319784	0.00309862403394004	0.00342606716544394
ccaja_ahorro	0.00142238635033919	0.00807317672475349	0.000290549865620687
mttarjeta_visa_debitos_automaticos_lag3	0.00141759028572283	0.00300180735997331	0.00247572697997627
Master_msaldototal	0.0014016555336056	0.00203938670598712	0.00242124888017239
Visa_msaldototal_lag2	0.00139546134862185	0.00140541068512051	0.00277232996779739
tiene_visa	0.00137971133212388	0.000758924788402582	0.00114404009588146
chomebanking_transacciones_lag3	0.00137767801157759	0.0021390220234292	0.00284496743420256
mpasivos_margen_lag3	0.00137717912231406	0.00290017549855444	0.00267548001259049
mactivos_margen_lag1	0.0013758715503227	0.00329497700104974	0.00233650516936636
Visa_cadelantosefectivo	0.00136737960943363	0.00100440148778468	0.000532674753637927
ctrx_quarter_lag2	0.00136708185020192	0.00221809112265878	0.00202174281494395
cliente_antiguedad_lag1	0.00135246766302051	0.00248182378357338	0.00288733928960558
balance_transferencias	0.00134835076827527	0.00206431930234305	0.00172513982712283
mpasivos_margen_lag1	0.00134203137800156	0.00147022726701396	0.00209438028134912
tiempo_sin_aumento_ah	0.00132226782317298	0.00522173979932918	0.00159197113871335
cliente_antiguedad_lag3	0.00132171552078549	0.00272943538168157	0.00268758625699136
ctrx_quarter_lag3	0.00132170154022389	0.00343225761015071	0.00227597394736205
matm	0.0013216563068551	0.00143421407267518	0.00128326190649137
disminuyo_transferencias_emitidas	0.00132091498658872	0.00142722069972931	0.00301445485581463
Master_msaldopesos	0.00131969241359892	0.00128867081089301	0.00214280525895257
mttarjeta_visa_debitos_automaticos_lag2	0.00131309512458125	0.00173089820365317	0.00239098326917024
Master_mpagospesos	0.00127558842336478	0.00206646479003649	0.00237887702476938
cliente_antiguedad_lag2	0.00127184986898223	0.00191129988052097	0.0024817801021767
mtransferencias_recibidas	0.00126541050575443	0.00155966017259002	0.00215491150335343
mactivos_margen_lag3	0.00124132393984764	0.00354286042144081	0.00270574562359265
mtransferencias_recibidas_lag3	0.00123579913887762	0.0014952409678781	0.00253625820198058
chomebanking_transacciones_lag2	0.00122704089358118	0.00228280134942956	0.00242124888017239
tiene_master	0.00121734234305435	0.000455001294621694	0.00113798697368102
Visa_fultimo_cierre_lag1	0.00121146295674644	0.00208072591818124	0.00246362073557541
Master_mpagospesos_lag1	0.00117789770884367	0.0015860825551993	0.00228202706956248
mtransferencias_recibidas_lag2	0.00117333907653531	0.00144518145016092	0.0023243989249655
chomebanking_transacciones_lag1	0.00114500419064029	0.00176783764172988	0.00239098326917024
Master_msaldopesos_lag3	0.00114008676965423	0.00112463700122461	0.0023243989249655
mcaja_ahorro_dolares_lag2	0.00113831107349486	0.00311734614276075	0.00225176145856033
mpagomiscuentas	0.00113815497589415	0.00314549464341127	0.0016403961163168
Master_mpagominimo	0.00113620784950089	0.00170277751358724	0.00203990218154524
Visa_fultimo_cierre_lag3	0.00113540485923465	0.00234671112008563	0.00239703639137067
mrentabilidad_lag2	0.00113078465223792	0.00175332586923696	0.00259073630178446
mttarjeta_visa_debitos_automaticos_lag1	0.00112799852515364	0.0019720898621246	0.00237282390256895
mttarjeta_visa_debitos_automaticos	0.0011272464813473	0.00155298691227268	0.00226386770296119
Master_mpagospesos_lag2	0.00112248877324118	0.00116230149265948	0.00234255829156679
mcaja_ahorro_dolares_lag3	0.0011144897998308	0.00284072228680775	0.00212464589235128
Master_mconsumototal_lag3	0.00110035087782145	0.00126821246051281	0.00237887702476938
ccaja_seguridad	0.00109560793799586	0.00745100879883575	0.000242124888017239
mpasivos_margen_lag2	0.00109117477828137	0.0014258679882402	0.00218517711435558
cdescubierto_preacordado_lag2	0.00109049051856181	0.002000820057806	0.00162828987191593
mtransferencias_emitidas_lag3	0.00108295423568605	0.00155532649224688	0.00223965521415946
mpayroll_lag1	0.00107923401165035	0.00209446434697036	0.000847437108060337
Master_mpagominimo_lag3	0.00107920330300609	0.00107973605604381	0.00226992082516162
Master_msaldototal_lag1	0.00107865638307805	0.00105385254714688	0.00218517711435558
Master_mconsumototal_lag2	0.00106239582401	0.00125706064881543	0.00222149584755817
internet	0.00105211974589945	0.00457294108596113	0.00030870923222198
tcallcenter_lag2	0.00104750469679649	0.001507792850512	0.00238493014696981
Master_msaldototal_lag2	0.00104678358867882	0.0011930711699985	0.00201568969274352
mautoservicio_lag3	0.00104285249345114	0.00168173537365514	0.00221544272535774
cdescubierto_preacordado_lag1	0.00103773831880497	0.0014690393245114	0.00168276797171981
Master_msaldototal_lag3	0.00103061754024935	0.00122895985669915	0.00212464589235128
Master_mpagominimo_lag2	0.00102948265397263	0.00130999652569814	0.00213675213675214
mcomisiones_mantenimiento_lag2	0.00102498538901822	0.00124352061771137	0.000907968330064647
mtransferencias_recibidas_lag1	0.00102402873595156	0.00269335807172725	0.00193094598193748
Master_mconsumospesos_lag2	0.00102108291077981	0.00109482835994483	0.00222149584755817
cseguro_accidentes_personales_lag3	0.00101769479448679	0.00113131317059892	0.00236677078036851
Master_mconsumospesos_lag1	0.00101245875920767	0.00138686370152914	0.00219123023655602
Master_mconsumospesos_lag3	0.00100874589986213	0.000992001690648957	0.00227597394736205
mcuenta_debitos_automaticos_lag3	0.00100446303634222	0.00188880856477077	0.002148858381153
mpayroll_lag2	0.00100110057966425	0.00262787322126761	0.000883755841262923
mactivos_margen_lag2	0.000993132077139191	0.00386328850809849	0.00191883973753662
tcallcenter_lag3	0.000987270265482897	0.00140296381912541	0.00226386770296119
tcallcenter_lag1	0.000985775750516175	0.0014604907697116	0.00217912399215515
aumento_transferencias_emitidas	0.00098103462444708	0.00114436866917474	0.00233045204716593
Visa_fultimo_cierre_lag2	0.000980759416053297	0.00157989510739525	0.00197937095954093
mtransferencias_emitidas	0.000967720622578062	0.0040618998343119	0.00180988353792886
mtransferencias_emitidas_lag2	0.000967141354280649	0.00139312853024848	0.00201568969274352
mcaja_ahorro_dolares_lag1	0.000962870790058382	0.00099078302850483	0.00192489285973705
mcomisiones_mantenimiento_lag1	0.000960778770159686	0.00259704792275941	0.00135589937289654
cseguro_accidentes_personales	0.000949988146197378	0.00153469464570924	0.00225176145856033
internet_lag1	0.000936107186522887	0.00736266388056491	0.000393452943028014
Master_mconsumospesos	0.000908533761279485	0.00105175267346667	0.00177356480472628
Master_msaldopesos_lag1	0.000905870326524686	0.000872443405670677	0.00191278661533619
mautoservicio_lag1	0.000904792712047227	0.00121286148453706	0.00173119294932326
active_quarter	0.000894024470088808	0.00125891173994392	0.00139221810609913
Master_mpagominimo_lag1	0.000889242619315267	0.00146868535045979	0.00169487421612068
Master_mconsumototal_lag1	0.000884311305922717	0.000997435576336576	0.00183409602673059
Visa_mpagosdolares_lag3	0.000881633784660261	0.00176641057474472	0.00194305222633835
mautoservicio_lag2	0.000879971438747022	0.00135816818180677	0.00194305222633835
mextraccion_autoservicio_lag3	0.000866688928523591	0.00104067789359774	0.00184620227113145
mcaja_ahorro_dolares	0.000860986458176432	0.00405638693863709	0.00168882109392024
mcuenta_debitos_automaticos_lag2	0.00085495956101574	0.00199079358570528	0.0017190867049224
Visa_mpagosdolares	0.000851340393965457	0.00103628405395654	0.0017190867049224
mcaja_ahorro_lag2	0.000838389757843668	0.00176391495295487	0.00165855548291809
Master_mconsumototal	0.00083758521260917	0.00117834866541897	0.00177356480472628
mcomisiones_mantenimiento_lag3	0.00082527752468128	0.00288251100648423	0.000811118374857752
mcuenta_debitos_automaticos_lag1	0.000824544476123246	0.00188636507328175	0.00160407738311421
Visa_mpagado_lag3	0.000804406331982078	0.00141766549485706	0.00159802426091378
Master_msaldopesos_lag2	0.00080206340359696	0.000762705515197658	0.00176145856032542
mtarjeta_visa_consumo_lag3	0.000800011187311695	0.000979350201904547	0.00182198978232973
mtransferencias_emitidas_lag1	0.000776870322927698	0.00104076516530671	0.0016403961163168
active_quarter_lag1	0.000774868806028129	0.00216689916724594	0.00133168688409482
Visa_mpagado	0.000765555940844191	0.00226009394892794	0.00150722742790731
mtarjeta_visa_consumo_lag1	0.000754213051555529	0.000808766359571878	0.00137405873949783
mtarjeta_visa_consumo_lag2	0.000732801986459937	0.00092896475344492	0.00159802426091378
cseguro_accidentes_personales_lag2	0.000732208317534805	0.00105451383397636	0.00180988353792886
active_quarter_lag2	0.000723469574828348	0.00154671870904726	0.00141643059490085
mextraccion_autoservicio_lag2	0.00072337579109965	0.00151561670104047	0.00160407738311421
mpagomiscuentas_lag3	0.000718715226531535	0.00142246159889549	0.00159197113871335
ctarjeta_visa_transacciones_lag3	0.000710714592006933	0.00147401392828525	0.00139827122829956
aumento_debito_automatico	0.000708054792761063	0.00161832956802784	0.00166460860511852
cdescubierto_preacordado_lag3	0.000705001226047428	0.00180773047080058	0.00150722742790731
Visa_madelantopesos	0.000704820157241153	0.000886459940305734	0.000684002808648701
mpagomiscuentas_lag2	0.000702386522680358	0.00163347726037349	0.00148906806130602
mextraccion_autoservicio_lag1	0.000696849150031388	0.00138014948168972	0.00133168688409482
cseguro_accidentes_personales_lag1	0.000691075914115512	0.00086840144556007	0.00167671484951938
Visa_mpagosdolares_lag2	0.00066041739665013	0.000788539221039324	0.00133774000629525
Master_cconsumos_lag2	0.000656206134833211	0.00114229683880368	0.00140432435049999
Master_cconsumos_lag3	0.000653147075396273	0.00106457416750016	0.00149512118350645
matm_lag3	0.000644146331171567	0.000819379064832353	0.00136195249509697
Visa_mpagado_lag1	0.000642180359653567	0.00117800597850839	0.00129536815089223
mpagomiscuentas_lag1	0.000641123849030785	0.00117728267058441	0.00139827122829956
Visa_mpagosdolares_lag1	0.000638654419415544	0.000823634433361974	0.0013680056172974
Visa_madelantodolares_lag2	0.000637791453286865	0.000198177411276386	0.000653737197646546
Master_mconsumosdolares_lag3	0.00063478235053378	0.000806650776984045	0.00122878380668749
Visa_mpagado_lag2	0.000608786336929095	0.000735490356384058	0.00120457131788577
saques_mayores_que_media	0.000592011223733504	0.00213134560390775	0.00121667756228663
ctarjeta_visa_transacciones_lag1	0.000590986493009539	0.000796832593362079	0.000992712040870681
matm_lag2	0.000590173596827044	0.00174374553011252	0.00128326190649137
matm_lag1	0.000589673580417419	0.00141121146107266	0.00127115566209051
ctarjeta_visa_transacciones_lag2	0.000588217035717603	0.000882682355292182	0.0011924650734849
Visa_delinquency_lag2	0.000586602509416338	0.00142556218817195	0.00115614634028232
ccaja_seguridad_lag2	0.000580826630686087	0.00166946566954693	6.65843442047408e-05
Visa_msaldodolares_lag3	0.000568576872462475	0.0010589340878548	0.00116825258468318
Master_madelantopesos	0.000546607332162375	0.000313290191761757	0.000641630953245684
Visa_madelantodolares	0.000540367536681852	0.000359888397138706	0.000944287063267233
disminuyo_uso_tar_master	0.00053623503080524	0.000599989857421618	0.00116219946248275
otros_cajeros	0.000522517668392906	0.000963480830706812	0.00116825258468318
mplazo_fijo_dolares	0.000513179637382503	0.00575031568274566	0.000587152853441805
mtarjeta_master_consumo	0.000512660858805899	0.00339659862258808	0.000744534030653011
ccaja_seguridad_lag1	0.000505369239356317	0.00170167183921567	6.05312220043098e-05
Visa_delinquency_lag3	0.000503373766579298	0.00203670769724615	0.000974552674269388
Master_mconsumosdolares	0.00050012128910387	0.000584496685470703	0.000980605796469819
Master_cconsumos	0.000492654386382227	0.000967566426671907	0.00112588072928016
Visa_madelantopesos_lag3	0.000492333954214764	0.000418550229028408	0.000920074574465509
Master_cconsumos_lag1	0.000488729333158184	0.000465704413372667	0.00104113701847413
Master_mpagado_lag3	0.000468346475856158	0.00076985143909081	0.000920074574465509
Master_mpagosdolares_lag3	0.000464344643525276	0.000594387479154537	0.000992712040870681
Visa_msaldodolares_lag1	0.000450746456832951	0.0013780191210925	0.000968499552068957
saco_mas_que_deposito	0.000421212652064308	0.000734609144847967	0.000871649596862062
Master_madelantodolares	0.000417702957074789	0.000210908724543938	0.000780852763855597
matm_other_lag3	0.000411630166081586	0.000981173831535289	0.000811118374857752
disminuyo_pago_mis_cuentas	0.000399129632983523	0.00107068353621525	0.000835330863659476
Visa_madelantopesos_lag1	0.000394390183140952	0.00132565179030319	0.00061741846444396
cpayroll_trx	0.000392536634941043	0.000311559419229365	1.2106244400862e-05
Master_Finiciomora_lag1	0.000391486712004047	0.00196494824363575	0.000417665431829738
ctarjeta_debito_transacciones_lag3	0.000388893791505924	0.000671870444164067	0.000774799641655166
Master_madelantopesos_lag3	0.000386340573192875	0.000315817115004559	0.000786905886056028
ctarjeta_visa	0.000378024751870057	0.000823487002354946	0.000211859277015084
Master_mconsumosdolares_lag1	0.000370774622735099	0.000484729064117824	0.000835330863659476
Master_mpagosdolares	0.000360797749400235	0.000693303677714656	0.00073848090845258
ctarjeta_debito_transacciones	0.000359896275758196	0.00158017903135511	0.000568993486840512
deposito_menos_que_ultimo_mes	0.00035017590526131	0.0010703112932859	0.000744534030653011
Master_mpagado_lag2	0.000349893913521364	0.00081510938374246	0.000750587152853442
Master_mconsumosdolares_lag2	0.00034732943250288	0.000393658359470001	0.000792959008256459
Master_mpagado_lag1	0.000346056735834258	0.000845642496569011	0.000750587152853442
Visa_msaldodolares_lag2	0.000345358109029904	0.000827700480464259	0.000780852763855597
Visa_cadelantosefectivo_lag3	0.00033491934895116	0.000299645085520098	0.000702162175249994
invierte	0.00033378752259644	0.00226038136375616	0.000538727875838357
Visa_status_lag1	0.000331806729465073	0.00094060470490117	0.000520568509237065
Master_mpagado	0.00033078432427703	0.0005591021308686	0.000714268419650856
Visa_madelantodolares_lag3	0.000327051813697196	0.000181652687725387	0.00079901213045689
Master_cadelantosefectivo_lag3	0.000313581967418548	0.000306544205020268	0.000575046609040943
Master_mpagosdolares_lag1	0.00031026703382353	0.000542613595986256	0.000684002808648701
Master_mpagosdolares_lag2	0.000309666580312865	0.000538039162088623	0.000690055930849132
Master_status_lag1	0.000294815984622166	0.000883744859258383	0.000478196653834048
mtarjeta_master_consumo_lag3	0.000293348152709393	0.000698309815666019	0.000690055930849132
mttarjeta_master_debitos_automaticos_lag2	0.000282499066513952	0.00115284635934685	0.000581099731241374
Master_madelantopesos_lag1	0.000282469181090535	0.000838598506031942	0.000568993486840512
mcheques_emitidos_rechazados_lag2	0.000275484544616262	0.00110163229510108	0.000151328055010775
mtarjeta_master_consumo_lag1	0.000271637167282449	0.000542944995755804	0.000581099731241374
Master_madelantodolares_lag2	0.000268454221004235	0.000122219606652903	0.000538727875838357
Master_delinquency_lag3	0.0002634467262405	0.00043137009399	0.00055688724243965
ctarjeta_debito_transacciones_lag2	0.000263281050316723	0.00163515601896733	0.000593205975642236
Master_madelantodolares_lag3	0.000262154423114781	0.000168729027611254	0.000568993486840512
ctarjeta_debito_transacciones_lag1	0.000260626579357881	0.000440043040065657	0.000550834120239219
cproductos	0.000257866480940742	0.00313122292629917	0.000151328055010775
ccaja_seguridad_lag3	0.000257448560530787	0.00143946748046864	4.84249776034479e-05
matm_other_lag2	0.000251428156384086	0.000837497253426957	0.000544780998038788
matm_other_lag1	0.00025084034007901	0.00136856806045962	0.000514515387036634
mplazo_fijo_dolares_lag3	0.000249584897385284	0.0024495650181547	0.000478196653834048
mtarjeta_master_consumo_lag2	0.000247695714889077	0.000444724410897355	0.000526621631437496
Master_msaldodolares_lag3	0.0002419375843221	0.000547027333577097	0.000568993486840512
Visa_madelantopesos_lag2	0.000238321282812787	0.00051122091500744	0.000508462264836203
Visa_madelantodolares_lag1	0.000238068764825865	0.000165185447140033	0.000538727875838357
Master_cadelantosefectivo_lag1	0.000234273736797669	0.000554423901818425	0.000453984165032324
Master_msaldodolares_lag2	0.000233784700557337	0.000496799090555903	0.000496356020435341
matm_other	0.000231808015734167	0.000900393508636126	0.000496356020435341
mcheques_emitidos	0.000231483935424207	0.00412260044968554	0.000345027965424566
Visa_Finiciomora_lag2	0.000231369724136488	0.00145345434272264	0.000502409142635772
mtarjeta_visa_descuentos_lag3	0.000227759108452157	0.00119472432889104	0.000526621631437496
Master_cadelantosefectivo	0.000224781923127865	0.000861000455552154	0.000435824798431031
mttarjeta_master_debitos_automaticos_lag3	0.000223404105383115	0.000694799398444209	0.000526621631437496
internet_lag2	0.00022150292179743	0.0012664147796702	0.000108956199607758
saco_mas_que_ultimo_mes	0.000215567728544406	0.00029805441317118	0.000532674753637927
Visa_cadelantosefectivo_lag1	0.000213921972504201	0.000638527764119914	0.000447931042831893
Visa_Finiciomora_lag3	0.000207597552151619	0.00352941115291409	0.000550834120239219
mtarjeta_visa_descuentos	0.000205851469674028	0.00291829322169993	0.000460037287232755
cprestamos_personales	0.000192991420748495	0.00128208552045831	0.000145274932810344
mcheques_emitidos_rechazados_lag1	0.000190716494419176	0.00164406168960026	0.000145274932810344
mcheques_emitidos_rechazados	0.000188985382479126	0.00104854107457639	0.000157381177211206
Master_madelantopesos_lag2	0.000188002508283322	0.000137461901531083	0.000435824798431031
Master_madelantodolares_lag1	0.000186387366975196	0.000109144326489711	0.000405559187428876
mplazo_fijo_dolares_lag1	0.000183798118447438	0.00114714437496926	0.000320815476622842
ccaja_ahorro_lag1	0.000181197169717001	0.000940621577431571	5.44780998038788e-05
Visa_status_lag3	0.000180170003513096	0.000475298715970543	0.000296602987821118
mttarjeta_master_debitos_automaticos_lag1	0.000179350436647072	0.000509800247947606	0.000405559187428876
Master_msaldodolares	0.000178984393583038	0.000516988876797016	0.000447931042831893
mcheques_emitidos_lag2	0.000172129319940029	0.00129832515642666	0.000236071765816808
ctarjeta_master	0.000170208787086296	0.00034144090329557	9.68499552068957e-05
mcheques_depositados	0.000166214515865569	0.00188560953300658	0.00018764678821336
Master_delinquency_lag2	0.000165480970160663	0.000937906380021941	0.000357134209825428
mcheques_emitidos_lag3	0.000163623480807447	0.000897615126509198	0.000296602987821118
Master_status_lag3	0.000158648248816668	0.000530209377083943	0.000393452943028014
ctarjeta_master_transacciones_lag3	0.000155762399147545	0.000559427596161938	0.000272390499019394
Visa_cadelantosefectivo_lag2	0.000155243382532142	0.000790490383727448	0.000363187332025859
mplazo_fijo_dolares_lag2	0.000154723732879059	0.00105967333741096	0.000278443621219825
aumento_pago_mis_cuentas	0.000154499447876917	0.000704277571488009	0.000417665431829738
Visa_status_lag2	0.000153686166130736	0.000767748656353627	0.000290549865620687
total_tarjetas	0.000150567479653743	4.63992258804856e-05	3.02656110021549e-05
mforex_sell	0.000143087886953381	0.00178949952715798	0.000272390499019394
Master_msaldodolares_lag1	0.000140136152990171	0.000576233101891278	0.000363187332025859
mttarjeta_master_debitos_automaticos	0.000135783557255401	0.000897776986438777	0.000345027965424566
Master_status_lag2	0.000135651196088947	0.000585053362611685	0.000272390499019394
ccaja_ahorro_lag2	0.000133765592490493	0.000251835548822576	4.23718554030169e-05
disminuyo_uso_seguro	0.000133265872649866	0.000750971543020273	0.000266337376818963
Master_cadelantosefectivo_lag2	0.000133114569807833	0.000147790333744857	0.000296602987821118
mtarjeta_visa_descuentos_lag1	0.000132203354445928	0.00149092427642764	0.000338974843224135
mforex_sell_lag3	0.000127363479975967	0.000547179186350714	0.00030870923222198
mcheques_depositados_lag1	0.000125796231962297	0.0024372669216505	0.000230018643616377
ctarjeta_master_transacciones_lag2	0.000124461356113078	0.000347430186139106	0.000193699910413791
cprestamos_personales_lag3	0.000119157553338726	0.00117348146402829	0.00012106244400862
mcheques_emitidos_lag1	0.0001173674923734	0.000991718930311878	0.000211859277015084
mforex_sell_lag2	0.000104864926230489	0.000620913773278628	0.000211859277015084
mtarjeta_visa_descuentos_lag2	0.000101436612524547	0.000705609454129246	0.000254231132418101
mforex_sell_lag1	0.000101177601523635	0.00062589710422338	0.00018764678821336
ccomisiones_otras_lag3	9.90466901870599e-05	0.000604888476627524	0.000175540543812498
disminuye_val_inversion	9.5205962547462e-05	0.000661650345231701	0.000205806154814653
cplazo_fijo	9.36418949944164e-05	0.00181629426905888	5.44780998038788e-05
ccomisiones_mantenimiento	9.17715186827759e-05	0.00179990673663439	8.47437108060338e-05
cproductos_lag1	9.16348787349238e-05	0.00138500097417278	6.65843442047408e-05
ctarjeta_master_transacciones_lag1	8.11711916681057e-05	0.000320827558360232	0.000145274932810344
cextraccion_autoservicio	8.06926239775645e-05	0.00061257897598468	0.00012106244400862
cprestamos_personales_lag1	7.95665787592972e-05	0.00122101394214039	0.000139221810609913
ctarjeta_visa_lag1	7.873199457955e-05	0.000870571136607467	0.000139221810609913
ccomisiones_otras	7.69883095212791e-05	0.000212794142544634	0.000108956199607758
mpagodeservicios_lag3	7.69591577243258e-05	0.000641064112707285	0.000157381177211206
minversion2	7.15489552848579e-05	0.00199424454180271	0.00012106244400862
ccajas_consultas	6.92748768438246e-05	0.00226562802253746	9.07968330064647e-05
internet_lag3	6.81503543702305e-05	0.000565844975828566	6.65843442047408e-05
mforex_buy_lag3	6.74715607075542e-05	0.000400872704382989	0.000139221810609913
mcheques_emitidos_rechazados_lag3	6.60105474829504e-05	0.000892395812863378	8.47437108060338e-05
mforex_buy_lag1	6.49446518786627e-05	0.000580819870190447	0.000108956199607758
mcheques_depositados_lag3	6.4345959431328e-05	0.00144418131637607	0.000169487421612068
mprestamos_prendarios_lag1	6.26855999466713e-05	0.000956807803114026	6.65843442047408e-05
mtarjeta_master_descuentos	6.20122112919593e-05	0.0017367366809836	0.000133168688409482
Master_Finiciomora_lag2	6.19894352087219e-05	0.00139281086122781	0.000169487421612068
mcaja_ahorro_adicional_lag2	6.0718781379959e-05	0.000816426022925196	0.000151328055010775
mforex_buy	6.03722245542325e-05	0.00133484359577927	0.000127115566209051
ctransferencias_recibidas_lag1	5.9263662354241e-05	0.000227887842793	0.000102903077407327
mcheques_depositados_lag2	5.82092765695671e-05	0.000165802050854511	0.000115009321808189
ctarjeta_visa_lag2	5.77367968192656e-05	0.000565194277966448	0.000115009321808189
mcaja_ahorro_adicional_lag1	5.72927584276471e-05	0.000832152617607049	0.000139221810609913
minversion2_lag1	5.61293243264545e-05	0.000917210534231052	0.00012106244400862
mprestamos_prendarios_lag3	5.55807962572224e-05	0.00143061952552591	0.000145274932810344
mtarjeta_master_descuentos_lag2	5.47278487874021e-05	0.000308779873479651	0.000115009321808189
mcaja_ahorro_adicional	5.42687303939782e-05	0.000699723035540021	0.000115009321808189
disminuye_num_inversion	5.37043914150928e-05	0.00159793032968518	0.000127115566209051
mcaja_ahorro_adicional_lag3	5.20346585430279e-05	0.000253792762349189	9.07968330064647e-05
ctarjeta_master_transacciones	5.14046795456794e-05	0.000951637361625232	0.000102903077407327
cprestamos_personales_lag2	5.07551939204044e-05	0.000606913180275744	8.47437108060338e-05
ccajas_depositos	4.98509622426587e-05	0.00181629426905888	5.44780998038788e-05
ccheques_emitidos_rechazados_lag3	4.97433336032915e-05	0.00016590945323769	2.42124888017239e-05
mforex_buy_lag2	4.81533626793109e-05	0.000283366468188408	0.000108956199607758
ctransferencias_emitidas_lag3	4.75291568224869e-05	0.000242050877536856	7.86905886056028e-05
ccomisiones_mantenimiento_lag1	4.68559728635512e-05	0.00188955910146795	8.47437108060338e-05
pago_servicios	4.63071670957132e-05	0.000474752744159195	0.000115009321808189
minversion2_lag3	4.59784261587768e-05	0.000531240463234913	9.68499552068957e-05
ctarjeta_visa_lag3	4.44551212108785e-05	0.000587475908890553	0.000115009321808189
mpagodeservicios_lag2	4.41284795250789e-05	0.000596626405757721	0.000102903077407327
mtarjeta_master_descuentos_lag1	4.4104898171856e-05	0.000857533092373438	0.00012106244400862
Master_Finiciomora_lag3	4.21802658054475e-05	0.000934258306224507	0.000127115566209051
mprestamos_prendarios	4.17149947847202e-05	0.00129961910496506	0.000108956199607758
ctransferencias_recibidas	4.13997559330075e-05	0.000192437027346846	4.84249776034479e-05
cpagomiscuentas	4.04399241648285e-05	0.00182709722664492	7.26374664051718e-05
ccomisiones_otras_lag2	3.95611937427604e-05	0.000434888074759922	9.07968330064647e-05
disminuyo_pago_servicios	3.89175945603204e-05	0.000329572067237248	0.000115009321808189
cextraccion_autoservicio_lag2	3.82904925780992e-05	0.000538312147994296	8.47437108060338e-05
tiene_seguro	3.68766002412338e-05	0.00147468871313905	4.84249776034479e-05
cextraccion_autoservicio_lag3	3.47285469927043e-05	0.000138592826517121	8.47437108060338e-05
cseguro_vida_lag2	3.4671661636682e-05	0.000613531052148458	4.84249776034479e-05
minversion2_lag2	3.29924248436719e-05	0.000598841245369228	7.86905886056028e-05
ccomisiones_otras_lag1	3.28485315889429e-05	5.88825711322699e-05	5.44780998038788e-05
mtarjeta_master_descuentos_lag3	3.19315009079893e-05	0.00106716846450229	6.65843442047408e-05
mcajeros_propios_descuentos_lag3	3.15103155204429e-05	0.000537770132500422	6.65843442047408e-05
ccomisiones_mantenimiento_lag3	3.11023961783032e-05	0.000358323906302481	3.02656110021549e-05
ccajas_depositos_lag1	3.06859307075449e-05	0.00119926629771293	3.63187332025859e-05
ccheques_emitidos_rechazados	3.00058233937325e-05	0.000394044449510506	3.02656110021549e-05
ctransferencias_emitidas	2.8472141969163e-05	0.000154385747697794	4.23718554030169e-05
mprestamos_prendarios_lag2	2.78074821500418e-05	0.000580755405488084	5.44780998038788e-05
cseguro_auto_lag2	2.73355844233949e-05	5.7399882977924e-05	2.42124888017239e-05
minversion1_dolares	2.72924457480571e-05	0.00119841522400701	4.23718554030169e-05
mprestamos_hipotecarios_lag2	2.72626665905332e-05	0.0011233420054257	6.05312220043098e-05
minversion1_pesos	2.71518255068272e-05	0.00070756224588927	4.84249776034479e-05
mcajeros_propios_descuentos	2.70553550261269e-05	0.00011692989382851	3.63187332025859e-05
ccheques_emitidos_rechazados_lag1	2.67686490864815e-05	0.00051675266137139	2.42124888017239e-05
cpagomiscuentas_lag3	2.65141337165555e-05	0.000376685641146264	6.05312220043098e-05
qtd_debito_automatico	2.52376275076142e-05	0.000432354635229517	4.84249776034479e-05
cproductos_lag3	2.49544616055089e-05	9.03319205407804e-05	3.63187332025859e-05
ccheques_emitidos	2.40656963728056e-05	0.0012965234029043	4.23718554030169e-05
cextraccion_autoservicio_lag1	2.29190795488602e-05	2.74907046894044e-05	3.63187332025859e-05
ctarjeta_debito_lag2	2.26090965010811e-05	0.00111039076745153	6.05312220043098e-05
ctransferencias_emitidas_lag2	2.19037462800494e-05	0.000268097875435257	4.84249776034479e-05
cpagomiscuentas_lag1	2.12911895319181e-05	0.000631998676665797	4.23718554030169e-05
ctarjeta_debito_lag3	2.12900068540951e-05	0.00122293485063607	6.05312220043098e-05
ctransferencias_recibidas_lag3	2.12366593767123e-05	0.000342430913562182	6.65843442047408e-05
cliente_vip_lag3	2.10646263297535e-05	0.000214913216000825	4.84249776034479e-05
catm_trx_lag3	2.03940508026981e-05	0.000185090727609887	5.44780998038788e-05
ccallcenter_transacciones	2.03578984901556e-05	0.000203650278327347	4.23718554030169e-05
mcajeros_propios_descuentos_lag1	2.03532605316373e-05	0.000310821100571437	4.84249776034479e-05
mpagodeservicios_lag1	2.00008673575695e-05	0.000223357044749853	5.44780998038788e-05
ctarjeta_visa_debitos_automaticos_lag1	1.86433319657743e-05	0.000107626729651775	3.02656110021549e-05
cliente_vip_lag2	1.86234956657049e-05	0.000320911804649962	3.63187332025859e-05
cseguro_vida	1.78082214939961e-05	0.000334567150772141	3.63187332025859e-05
cinversion1_lag1	1.77823967230408e-05	0.00121086284603925	3.63187332025859e-05
cseguro_auto_lag3	1.72257646200912e-05	5.03433253147626e-05	1.81593666012929e-05
cproductos_lag2	1.69141731112827e-05	0.00109378587029055	4.84249776034479e-05
cliente_vip	1.67377817234344e-05	0.00131005342685239	6.05312220043098e-05
minversion1_pesos_lag1	1.65001619908574e-05	0.000469634782058065	4.23718554030169e-05
ctarjeta_debito	1.59685666600838e-05	0.00128651333788487	4.23718554030169e-05
cinversion1	1.54387311532711e-05	0.00100905237169938	3.02656110021549e-05
cliente_vip_lag1	1.54070771103714e-05	0.00110747019062011	4.84249776034479e-05
mcajeros_propios_descuentos_lag2	1.53693144977358e-05	5.22420086152227e-05	2.42124888017239e-05
ccallcenter_transacciones_lag1	1.52584463078313e-05	0.000286529078559384	4.23718554030169e-05
ccallcenter_transacciones_lag2	1.52397012921193e-05	0.000114146042674486	3.02656110021549e-05
ccheques_emitidos_lag1	1.47525672432597e-05	2.96109417683824e-05	2.42124888017239e-05
ctarjeta_master_lag1	1.47422575325936e-05	0.000210944913212593	3.02656110021549e-05
ctarjeta_master_lag2	1.33793823396331e-05	0.000276555085846328	4.23718554030169e-05
catm_trx_lag2	1.33123415144105e-05	0.000162920455386435	2.42124888017239e-05
ccaja_ahorro_lag3	1.32755867086359e-05	0.000509574388764779	2.42124888017239e-05
ccajas_otras_lag3	1.32643294804117e-05	0.000286342317102177	3.02656110021549e-05
mcheques_depositados_rechazados_lag3	1.31880781448498e-05	3.50230677098975e-05	3.02656110021549e-05
mcheques_depositados_rechazados_lag1	1.29528394399392e-05	4.97852518264371e-05	1.81593666012929e-05
cseguro_vida_lag1	1.28304447189299e-05	0.000490959100515853	4.23718554030169e-05
cseguro_auto_lag1	1.27525526187863e-05	3.41057838674309e-05	1.81593666012929e-05
ctransferencias_emitidas_lag1	1.27195899621857e-05	0.000554115541780047	4.23718554030169e-05
ctransferencias_recibidas_lag2	1.24580137873677e-05	0.000218077222719144	3.63187332025859e-05
minversion1_pesos_lag3	1.24041398580352e-05	0.00044712508106784	4.23718554030169e-05
minversion1_dolares_lag1	1.19976076496169e-05	0.00118712214850337	3.63187332025859e-05
catm_trx	1.18716051655507e-05	0.000480223400326863	3.63187332025859e-05
mcheques_depositados_rechazados_lag2	1.18171314616019e-05	0.000149470255961486	2.42124888017239e-05
ctarjeta_visa_debitos_automaticos_lag3	1.17612364013566e-05	1.47265772592778e-05	1.81593666012929e-05
mprestamos_hipotecarios_lag1	1.16435112227842e-05	0.000522281964127489	2.42124888017239e-05
cseguro_vida_lag3	1.12510163470608e-05	5.99714893357207e-05	1.81593666012929e-05
ccajas_depositos_lag2	1.11772314356844e-05	0.000814152885812094	3.02656110021549e-05
minversion1_pesos_lag2	1.06477574248109e-05	0.000126992787322442	2.42124888017239e-05
mpagodeservicios	1.05895496221309e-05	0.000160332325585072	1.81593666012929e-05
clase_ternaria_lag2	1.04305042822987e-05	0.00157710334360628	4.84249776034479e-05
ccheques_emitidos_lag3	9.60476771766407e-06	0.000494158830453713	2.42124888017239e-05
ctarjeta_master_lag3	9.59573299781853e-06	0.000170784683625591	3.02656110021549e-05
cpagomiscuentas_lag2	8.72093801196784e-06	0.000205436439304369	4.23718554030169e-05
cseguro_auto	8.40346469796304e-06	0.00121086284603925	3.63187332025859e-05
ccheques_emitidos_lag2	8.38582783801791e-06	0.000206490565186508	1.81593666012929e-05
ctarjeta_debito_lag1	8.27519137012889e-06	0.000179848490595177	2.42124888017239e-05
ccheques_emitidos_rechazados_lag2	7.84826042801225e-06	7.46978338704412e-05	1.2106244400862e-05
cforex_sell_lag3	7.84746675212347e-06	9.90510624410549e-05	6.05312220043098e-06
ccajas_consultas_lag3	7.83476753810658e-06	0.000283484343176664	1.81593666012929e-05
cplazo_fijo_lag1	7.30624568242993e-06	0.000604518560943749	1.81593666012929e-05
clase_ternaria_lag1	6.90479104869319e-06	0.000481687470516628	2.42124888017239e-05
mcheques_depositados_rechazados	6.78385662415338e-06	2.55182477042907e-06	6.05312220043098e-06
mprestamos_hipotecarios	6.5676393542121e-06	0.000400589827683632	1.2106244400862e-05
cinversion1_lag2	6.4225904878789e-06	0.000403620948679751	1.2106244400862e-05
ccuenta_debitos_automaticos_lag2	6.03929492819464e-06	8.29963261334563e-05	1.2106244400862e-05
ccajas_otras	6.01916437794694e-06	0.000961194195569388	3.02656110021549e-05
aumento_pago_servicios	5.44125982616335e-06	0.000474687814007718	2.42124888017239e-05
ccuenta_debitos_automaticos_lag3	5.024497146733e-06	0.000711911867864585	2.42124888017239e-05
cplazo_fijo_lag2	4.91543803571058e-06	0.000554745410794289	1.81593666012929e-05
ccallcenter_transacciones_lag3	4.86138683663748e-06	5.74219918108643e-05	1.81593666012929e-05
mprestamos_hipotecarios_lag3	4.71276738831623e-06	0.000404046136445878	1.81593666012929e-05
catm_trx_other_lag1	3.998483795836e-06	1.86558986841683e-05	6.05312220043098e-06
cseguro_vivienda_lag3	3.62264507939531e-06	0.000141432531564889	1.2106244400862e-05
ctarjeta_visa_debitos_automaticos_lag2	3.42623116629685e-06	2.25149372927643e-06	6.05312220043098e-06
mplazo_fijo_pesos_lag3	3.18089896063386e-06	0.000155285344473909	1.2106244400862e-05
ccajas_otras_lag2	3.00890853197539e-06	0.000286609019444805	1.2106244400862e-05
cplazo_fijo_lag3	2.64025127899175e-06	0.000401221442132053	1.2106244400862e-05
ccajas_extracciones_lag3	2.07265156035768e-06	0.000403255687487121	1.2106244400862e-05
catm_trx_other_lag3	1.76715990572279e-06	5.30902896264597e-06	6.05312220043098e-06
ccajas_depositos_lag3	1.60625111469293e-06	1.54527942402284e-05	6.05312220043098e-06
cinversion2_lag1	1.5567787042653e-06	0.000201810474339876	6.05312220043098e-06
cinversion2_lag3	1.40725739513915e-06	0.000201810474339876	6.05312220043098e-06
cpagodeservicios_lag3	1.35179907252275e-06	0.000197744892686706	6.05312220043098e-06
ccajas_otras_lag1	1.26117585460652e-06	0.000174170942296099	6.05312220043098e-06
catm_trx_lag1	1.24865646902746e-06	1.97709984003116e-05	6.05312220043098e-06
ccuenta_debitos_automaticos	1.23378859921212e-06	0.000199426676699793	6.05312220043098e-06
cforex_sell	1.22503977379942e-06	0.000201810474339876	6.05312220043098e-06
