Feature	Gain	Cover	Frequency
Visa_status	0.0832143027624888	0.00725027161734265	0.00369952628017144
saldo_pos	0.0617603109657211	0.00768704586970556	0.010015790660952
recibe_sueldo	0.0511667241055394	0.00950282269679761	0.00356417775772615
usa_tarjeta_debito	0.0473798750213912	0.00597057700019359	0.00766974960523348
disminuye_saldo_ahorro	0.046297646443714	0.00982962469951934	0.00446650124069479
mcaja_ahorro	0.0390965871171931	0.00848248609310734	0.00360929393187458
usa_tarjeta_visa	0.0355630336552331	0.0040012637868856	0.00613579968418678
deudas	0.0283481860918767	0.00925154752288574	0.00527859237536657
tiempo_sin_disminuir	0.0277556987387878	0.00897586223417366	0.0164674035641778
mtarjeta_visa_consumo	0.0265548683832589	0.00281511146597745	0.00230092488157004
ctrx_quarter	0.0259217641890887	0.00839136035803032	0.00360929393187458
mcaja_ahorro_lag1	0.0230374867431851	0.00284377329963136	0.00225580870742161
cdescubierto_preacordado	0.0207607819554624	0.020287931348831	0.00604556733588992
disminuye_saldo_corriente	0.0197203613956858	0.00819019291068894	0.00983532596435822
ctrx_quarter_lag1	0.0167628562429778	0.0017910524828921	0.00148883374689826
activos	0.0142701554374476	0.00976793266360162	0.00401533949921047
cajaahorro_saldo_pos	0.0141828245127564	0.00725099062798676	0.00703812316715543
tiene_debito_automatico	0.0140400608626194	0.00439719889370146	0.00699300699300699
aumento_saldo_ahorro	0.0134262384164049	0.0062559098168772	0.0095195127453192
mpayroll	0.0128212764014388	0.00329801496328267	0.00117302052785924
tiene_master	0.0124745503425779	0.00187007616823507	0.00216557635912475
mpasivos_margen	0.011065931062786	0.00246966448256413	0.00212046018497631
tiempo_sin_aumento	0.0102061447641952	0.00766914850191468	0.00803067899842093
disminuyo_tarjetas	0.0100493978814855	0.00517731344806161	0.00157906609519513
Visa_mpagospesos	0.00802707526264701	0.0065353562364288	0.0095195127453192
aumento_saldo_corriente	0.00738871641823729	0.0073966501899879	0.0104218362282878
Visa_Finiciomora	0.00733976612772483	0.00908088787511408	0.00234604105571848
Visa_msaldopesos	0.00708394650820035	0.00552510963893779	0.00618091585833521
Visa_mpagominimo	0.00707546505364897	0.00641708827791159	0.00739905256034288
mprestamos_personales	0.00677675311651454	0.0164349417919845	0.00478231445973382
balance	0.00665468899209571	0.00715531028011284	0.00446650124069479
mcuenta_corriente	0.00638713892445055	0.00953013508389344	0.00604556733588992
mcuentas_saldo	0.00522363420487584	0.00774291952123048	0.00360929393187458
Visa_delinquency_lag1	0.00519723147176058	0.0041366846636762	0.00261673810060907
tiene_visa	0.00469201878818586	0.00417435541731434	0.00342882923528085
Visa_mpagospesos_lag1	0.00436714294082239	0.00320979295038523	0.00554928942025716
tiempo_sin_disminuir_cc	0.00434409358577075	0.00969228562622944	0.00351906158357771
Visa_delinquency	0.00418178321816636	0.00434095538995522	0.00306789984209339
Master_delinquency	0.00394424950581696	0.00250214570603184	0.00162418226934356
tiempo_sin_aumento_cc	0.00389400750667343	0.00579399352192183	0.00315813219039026
internet	0.00381372295438377	0.00474284780641025	0.00117302052785924
foto_mes_lag1	0.00369557070384585	0.00483470942350855	0.00437626889239793
foto_mes_lag2	0.00323396866359007	0.00357801853370368	0.00324836453868712
Visa_cconsumos	0.00321854892946089	0.00338560074073022	0.00581998646514776
Visa_msaldototal	0.00321600404474777	0.0044249107897363	0.00536882472366343
mprestamos_personales_lag1	0.0032131007351211	0.00383810649784021	0.00203022783667945
ccaja_ahorro	0.00301249552852721	0.00957383722306113	0.00189487931423415
Master_status	0.00284370556756203	0.00260826205514457	0.00212046018497631
internet_lag1	0.00274755947057922	0.00425794162391226	0.000992555831265509
thomebanking	0.00268849854045054	0.00321119683349621	0.00541394089781187
ctarjeta_visa_transacciones	0.00268752472188178	0.00245137314175487	0.00148883374689826
recibe_transferencias	0.00242788461222888	0.00395132279697227	0.00960974509361606
tcallcenter	0.00227571327340534	0.00519750136891817	0.00293255131964809
mprestamos_personales_lag3	0.00212272828344542	0.0069192251451871	0.00311301601624182
tmobile_app_lag3	0.00212220042870424	0.00519513133584912	0.0115046244078502
mrentabilidad_annual_lag2	0.00211675219068816	0.00357225603574774	0.00338371306113242
mcomisiones_mantenimiento	0.00210696771666083	0.00997844777654691	0.00293255131964809
mprestamos_personales_lag2	0.00209168887841104	0.00737092661211371	0.0025265057523122
foto_mes_lag3	0.00203953971984093	0.00509379182720441	0.00342882923528085
tmobile_app_lag2	0.00201693436986386	0.00414910726957641	0.00888788630724115
Visa_msaldototal_lag3	0.00200596070793186	0.0022160563135284	0.00374464245431987
Visa_mpagominimo_lag1	0.0019712704604493	0.00483551081392398	0.00514324385292127
cdescubierto_preacordado_lag1	0.00188079156157742	0.00460847387765744	0.00239115722986691
mcuenta_corriente_lag1	0.00184473848248486	0.00330394050728201	0.00338371306113242
mpayroll_lag1	0.0018441413170631	0.00537833788411998	0.0015339499210467
ccaja_seguridad	0.00183768233917216	0.00478853154154925	0.000947439657117076
mactivos_margen	0.00181080812919395	0.0067976203446046	0.00342882923528085
disminuyo_debito_automatico	0.00178871995521102	0.00375765111797546	0.00315813219039026
tmobile_app_lag1	0.00177772119793536	0.00373385377686625	0.00717347168960072
foto_mes	0.00176181100316712	0.00385955502690946	0.00333859688698398
cmobile_app_trx_lag2	0.00175659712035876	0.00328730704289467	0.00514324385292127
tiempo_sin_disminuir_ah	0.00167887168584998	0.00378015634884743	0.00117302052785924
mcuenta_corriente_lag2	0.00167457387324837	0.00374715698957	0.00387999097676517
mrentabilidad_annual_lag1	0.00165243640906811	0.00362007386829071	0.00324836453868712
mautoservicio	0.00163211721387309	0.00244960375607449	0.00144371757274983
mcomisiones	0.00161589933834587	0.00355583794503454	0.00487254680803068
cmobile_app_trx_lag3	0.00159615750231504	0.00494768754624576	0.00735393638619445
mcomisiones_otras_lag1	0.00158921663586339	0.0028543357043913	0.0039251071509136
mcomisiones_lag2	0.00157587775631048	0.0021622836756913	0.00351906158357771
Visa_fechaalta	0.00156953900690634	0.00511218004662474	0.00645161290322581
Master_Finiciomora	0.00156283688330086	0.00168917612175363	0.000360929393187458
Visa_mpagominimo_lag2	0.00152263225396416	0.00305602062850422	0.00577487029099932
mrentabilidad_annual_lag3	0.00150884075398943	0.00472375428433976	0.00351906158357771
Visa_Finiciomora_lag1	0.00149371831150753	0.00468907833195638	0.00148883374689826
mpayroll_lag2	0.0014914057061141	0.006889891883445	0.00193999548838259
ctrx_quarter_lag3	0.00136233115046891	0.00456257068280764	0.00293255131964809
mcuenta_corriente_lag3	0.00135959821285689	0.00356919453983011	0.00248138957816377
pago_mis_cuentas	0.00134611622984761	0.00387910354893293	0.00631626438078051
ccaja_seguridad_lag1	0.00133942401792024	0.00160018461588822	0.000315813219039026
Visa_fechaalta_lag1	0.00133577239891365	0.00411548063776823	0.00622603203248365
mcomisiones_otras_lag2	0.00132898840663424	0.00273190881959481	0.00338371306113242
Visa_mconsumospesos_lag3	0.00132581361298974	0.00299235714580302	0.00663207759981954
Visa_madelantodolares	0.00132531252219587	0.000348452724701717	0.000676742612226483
Visa_msaldototal_lag1	0.00130389064374302	0.00300869773362735	0.00351906158357771
Visa_msaldopesos_lag2	0.00127343632995058	0.00269691455177503	0.00415068802165576
thomebanking_lag2	0.00125182425021181	0.00275574992083854	0.00563952176855403
Visa_mpagospesos_lag3	0.00124976430468732	0.00519288032507368	0.00712835551545229
Master_fechaalta_lag1	0.00124177173067452	0.00343723216355109	0.00676742612226483
tmobile_app	0.00123998454120578	0.00371429299673282	0.00636138055492894
aumento_transferencias_recibidas	0.00120062238156841	0.003124134727779	0.0067223099481164
mtarjeta_master_consumo	0.00119792205491285	0.00123523577035391	0.000451161741484322
Visa_cadelantosefectivo_lag1	0.00118954805894312	0.00026964322676418	0.00081209113467178
Visa_mconsumospesos	0.00117687530120508	0.00404789310999174	0.0068576584705617
Visa_mconsumototal_lag3	0.00116183336752708	0.00387136564996448	0.0065869614256711
Visa_cconsumos_lag3	0.00113184312345353	0.00318640592644103	0.00514324385292127
Visa_mconsumototal	0.00112361625134264	0.00448343127036191	0.00735393638619445
Master_msaldototal	0.00111789210790231	0.00217203401361744	0.00333859688698398
mcuenta_debitos_automaticos	0.00111028671179922	0.0041445212865626	0.00148883374689826
Visa_msaldototal_lag2	0.00110752188319623	0.00225335365613909	0.0041958041958042
Visa_msaldopesos_lag1	0.00110123186650245	0.00255307169439492	0.00374464245431987
Visa_mconsumospesos_lag2	0.00110017030086794	0.00427087287547254	0.00712835551545229
mcomisiones_lag3	0.00108758966281786	0.00343423551698945	0.00387999097676517
Visa_cconsumos_lag2	0.00108390075567746	0.00326379018843086	0.0051883600270697
thomebanking_lag1	0.00107791303751939	0.00265525490370561	0.00581998646514776
Visa_mpagominimo_lag3	0.00103799761696154	0.00220768020199556	0.00333859688698398
Master_Fvencimiento_lag2	0.00102410163101959	0.00385199032317225	0.00609068351003835
Master_Fvencimiento_lag3	0.00102265327420213	0.00326530768972245	0.00627114820663208
Master_Fvencimiento	0.00102144854794191	0.00357332394119935	0.0068576584705617
Visa_mconsumototal_lag2	0.00101001253608315	0.00328168913791336	0.00676742612226483
Master_mpagominimo_lag2	0.00100254743603386	0.00207188051006451	0.0027972027972028
hace_transferencias	0.000990184609488126	0.00283991186318229	0.00663207759981954
Master_delinquency_lag1	0.000974549238357018	0.00119281532862037	0.00103767200541394
Visa_Fvencimiento_lag3	0.000971426620996343	0.00315469103255807	0.00514324385292127
Master_fechaalta_lag3	0.000968677701717054	0.00329308113992242	0.00609068351003835
mcuentas_saldo_lag2	0.00096418616539143	0.00273420227242844	0.00230092488157004
mcomisiones_otras	0.000951178629436752	0.0021614978385767	0.00342882923528085
mcuentas_saldo_lag3	0.000948874448270618	0.00356661875504421	0.00293255131964809
Master_fechaalta	0.000946880554538008	0.00397450841885154	0.00604556733588992
Master_mpagominimo	0.000937367589695516	0.00258094241862886	0.00311301601624182
mcomisiones_lag1	0.000931094215503416	0.00238295245792313	0.00365441010602301
cdescubierto_preacordado_lag2	0.00091960076291259	0.00661433563440671	0.00270697044890593
Visa_mconsumototal_lag1	0.000918844499852004	0.00309132042641988	0.00618091585833521
cliente_edad_lag2	0.00089250576107842	0.00377765767152748	0.00347394540942928
thomebanking_lag3	0.000877462598679609	0.00238828895360561	0.00527859237536657
mcaja_ahorro_lag3	0.0008771153797379	0.00228190635307196	0.00198511166253102
Visa_Fvencimiento	0.000872665918396411	0.00240453543077918	0.00451161741484322
Master_fechaalta_lag2	0.000865257006461818	0.00280907652164179	0.00586510263929619
mcomisiones_mantenimiento_lag3	0.00086513824771825	0.00243431842016889	0.00103767200541394
Visa_mfinanciacion_limite	0.000848271739785535	0.00208789329230279	0.00320324836453869
ctarjeta_visa	0.000845819962620871	0.000614386884641856	0.00040604556733589
Visa_mconsumospesos_lag1	0.000845299370001984	0.00247356203430495	0.00572975411685089
mrentabilidad	0.000840140048000423	0.00379437549280065	0.00297766749379653
Visa_Fvencimiento_lag2	0.000820995684773908	0.00311385439135608	0.00509812767877284
cliente_edad_lag3	0.000820702189170535	0.00419693195611637	0.00329348071283555
mcuentas_saldo_lag1	0.000798916079390966	0.0032466362156964	0.00230092488157004
tiempo_sin_aumento_ah	0.000796032333422562	0.0041538665796291	0.00144371757274983
Visa_fechaalta_lag2	0.00078702858331175	0.00312470571844999	0.00460184976314009
Master_Fvencimiento_lag1	0.000780460746367999	0.00346210110072567	0.00577487029099932
mpagomiscuentas	0.000769727998880983	0.00387132927105746	0.00144371757274983
mcomisiones_otras_lag3	0.000764781635528967	0.00262783166638949	0.00293255131964809
Visa_Fvencimiento_lag1	0.000762594686630789	0.00309083853770955	0.00482743063388225
mrentabilidad_annual	0.000754598600485189	0.00411593128806928	0.00293255131964809
mactivos_margen_lag1	0.000750145102072493	0.0042923565971801	0.00230092488157004
Master_mfinanciacion_limite	0.00073787795688075	0.00264459113887505	0.0040604556733589
Visa_mfinanciacion_limite_lag2	0.000728157840474856	0.00202201491411789	0.0026618542747575
mtransferencias_recibidas	0.000726603593771497	0.00188912513932523	0.00130836905030453
Master_mfinanciacion_limite_lag3	0.000722499893385653	0.00188395828006786	0.00347394540942928
Visa_mconsumosdolares_lag1	0.000715393908601788	0.0024723405729596	0.00496277915632754
Master_msaldopesos	0.000706875224224742	0.00150067196105236	0.00284231897135123
Master_mpagominimo_lag1	0.0007042445548507	0.00149115689975312	0.00216557635912475
mrentabilidad_lag3	0.000700421013314272	0.00142425753963435	0.00212046018497631
mpasivos_margen_lag1	0.000699003052647132	0.00146660443270805	0.0015339499210467
matm	0.000698936945166796	0.000759403093580875	0.00081209113467178
Visa_mlimitecompra_lag3	0.000685772295399893	0.00202848851425989	0.00320324836453869
cliente_edad	0.000684103752385703	0.00280419805748787	0.00270697044890593
Master_mlimitecompra_lag1	0.000684064252083606	0.00258848550591409	0.00397022332506204
ctarjeta_visa_transacciones_lag1	0.000679028791309037	0.000292738692221718	0.000496277915632754
Visa_mpagospesos_lag2	0.000676009174316225	0.00253389763785998	0.00469208211143695
ctrx_quarter_lag2	0.000675913257177676	0.00222405163280627	0.00180464696593729
Master_mpagominimo_lag3	0.000675667656868005	0.00152687663679107	0.00239115722986691
Visa_mconsumosdolares	0.000669637762383922	0.00231608011836936	0.00428603654410106
Master_msaldopesos_lag3	0.000660597078691181	0.00176284182676976	0.00270697044890593
cliente_edad_lag1	0.000651677656263228	0.00245155912232661	0.00257162192646064
Visa_delinquency_lag2	0.000649486627542435	0.00244440855817578	0.00135348522445297
disminuyo_uso_tar_debito	0.000647229720726917	0.00229845770130324	0.00284231897135123
Visa_mconsumosdolares_lag3	0.000642937907298934	0.0024828712120797	0.00437626889239793
mpasivos_margen_lag3	0.000635954653377902	0.00233316133328979	0.00166929844349199
Master_mlimitecompra_lag2	0.000632487656631912	0.00254810570997194	0.00401533949921047
Visa_mconsumosdolares_lag2	0.000632222390940447	0.00209938955415044	0.00469208211143695
Master_mlimitecompra	0.000620345461285474	0.00228634602961191	0.0039251071509136
active_quarter	0.000612974395799318	0.00129570423600413	0.000947439657117076
mttarjeta_visa_debitos_automaticos_lag3	0.00060255655476428	0.00268253539335399	0.00180464696593729
Visa_mfinanciacion_limite_lag1	0.000600080466260019	0.00201481162691342	0.00270697044890593
Visa_fechaalta_lag3	0.000599739699272308	0.00225767061977168	0.00369952628017144
Visa_mlimitecompra	0.000598549388288703	0.00205513645907214	0.00293255131964809
ccajas_transacciones_lag3	0.000593910663700254	0.00185951587239729	0.00243627340401534
cliente_antiguedad_lag2	0.000583436331064578	0.00277148300727723	0.00329348071283555
mcomisiones_mantenimiento_lag2	0.000583421623954711	0.00079536588389614	0.000631626438078051
cliente_antiguedad_lag3	0.000583372152843787	0.00313677560712132	0.00306789984209339
Master_mfinanciacion_limite_lag2	0.000581909911883304	0.00175052308528523	0.00342882923528085
Visa_fultimo_cierre_lag1	0.000577661239968892	0.00183184035526947	0.00221069253327318
Visa_cconsumos_lag1	0.000577027272407049	0.00190010576970822	0.00415068802165576
cmobile_app_trx_lag1	0.000576943165257419	0.00204705098337253	0.00293255131964809
Master_msaldopesos_lag1	0.000552987099415418	0.00169583504342919	0.00225580870742161
cuentacorriente_saldo_pos	0.000548220419327267	0.00117378243806158	0.000541394089781187
mextraccion_autoservicio	0.000542222323749594	0.00255085179022113	0.00108278817956237
cliente_antiguedad_lag1	0.00053367636898031	0.00214894329323473	0.00257162192646064
mextraccion_autoservicio_lag1	0.000532788598769423	0.00121976392664604	0.00081209113467178
Visa_mlimitecompra_lag2	0.000532534059139857	0.00186489322844634	0.00248138957816377
Visa_msaldopesos_lag3	0.000531334278454815	0.00206653109723389	0.00297766749379653
numero_de_cliente_lag2	0.000527370494111271	0.00237840153573999	0.00302278366794496
Master_fultimo_cierre	0.000526325679429153	0.00171694153168791	0.00275208662305437
ccajas_transacciones	0.000522273746667261	0.002954529277465	0.00198511166253102
Master_mlimitecompra_lag3	0.000515350921080205	0.00210492007067033	0.00342882923528085
Master_mfinanciacion_limite_lag1	0.000514821206965097	0.00170208562505427	0.00288743514549966
numero_de_cliente	0.000514453833870339	0.00200211499294188	0.00284231897135123
cdescubierto_preacordado_lag3	0.000494074900808777	0.00229831126302174	0.00112790435371081
Master_mpagospesos	0.000492271089045067	0.00227054941189357	0.00221069253327318
Visa_mfinanciacion_limite_lag3	0.000478102228539196	0.00180791713786968	0.0025265057523122
disminuyo_transferencias_recibidas	0.000475675860564046	0.00180747241891217	0.00302278366794496
ctarjeta_debito_transacciones	0.000466194645464072	0.00146239647398888	0.00040604556733589
Visa_mpagosdolares_lag3	0.000452033704608201	0.00172380884123302	0.00203022783667945
Master_fultimo_cierre_lag1	0.000451913855756787	0.00150146834277769	0.00207534401082788
mrentabilidad_lag1	0.000449963028006651	0.00154995905329283	0.00207534401082788
numero_de_cliente_lag3	0.000446040376943777	0.00178417410150572	0.00239115722986691
chomebanking_transacciones_lag3	0.000445374198691207	0.00136816324212993	0.00162418226934356
cliente_antiguedad	0.000444978196019093	0.00210978337694633	0.00243627340401534
Master_msaldototal_lag2	0.000442762692105766	0.00119243400913487	0.00221069253327318
Visa_mlimitecompra_lag1	0.000439773589597678	0.00151063899072898	0.00225580870742161
ccaja_seguridad_lag2	0.000430846288568057	0.000914391209078982	0.000180464696593729
mrentabilidad_lag2	0.000429215601720139	0.0019112772575454	0.00203022783667945
Master_mconsumosdolares_lag3	0.000420776494153988	0.00106914839760212	0.00166929844349199
mactivos_margen_lag2	0.000417503702895737	0.00227277195222005	0.0013986013986014
mpayroll_lag3	0.000417093512967013	0.00214850714177344	0.000947439657117076
chomebanking_transacciones	0.000408151039021337	0.00277849161460611	0.00166929844349199
Master_fultimo_cierre_lag3	0.000406996635969912	0.00171794036993925	0.00257162192646064
numero_de_cliente_lag1	0.00040604370253465	0.00170972849071852	0.00243627340401534
disminuyo_transferencias_emitidas	0.000402677015176915	0.00121382744261306	0.00135348522445297
Visa_mpagosdolares	0.000398811965725337	0.00162226120833404	0.00243627340401534
mcaja_ahorro_dolares_lag3	0.000398587294985598	0.00172562699573802	0.00171441461764042
Master_cadelantosefectivo	0.00039374162621779	0.000545144512019036	0.00121813670200767
mcaja_ahorro_lag2	0.000390235115858032	0.00102514020110801	0.00130836905030453
Visa_fultimo_cierre	0.000388628210051952	0.00181726783504917	0.00203022783667945
ccaja_seguridad_lag3	0.000379134981627583	0.00114298901134873	0.000225580870742161
ccajas_transacciones_lag1	0.000366113530274043	0.00143647834804674	0.00157906609519513
Master_madelantodolares	0.000360970504540298	0.000756751387597718	0.00144371757274983
cmobile_app_trx	0.000360370451092193	0.00138749520421054	0.00212046018497631
Master_mconsumototal_lag2	0.000360357307304812	0.00177037423763662	0.00193999548838259
ccajas_transacciones_lag2	0.000359126406219307	0.00169826135835801	0.00148883374689826
ccajas_consultas	0.000357520129076759	0.00388179861962771	0.000766974960523348
Visa_fultimo_cierre_lag3	0.00035740661118877	0.00150170085144427	0.00144371757274983
mautoservicio_lag3	0.000355229592845454	0.00175768999358268	0.00184976314008572
Visa_madelantopesos_lag3	0.000353079340036307	0.000517029152816168	0.00121813670200767
mttarjeta_visa_debitos_automaticos_lag1	0.000348772304333171	0.000910170992249837	0.00166929844349199
mplazo_fijo_dolares	0.000347211554093087	0.00313071337860539	0.000721858786374915
Visa_mpagado_lag1	0.000339148830876875	0.00237599314664941	0.00108278817956237
mautoservicio_lag2	0.000333205227840905	0.00121982534900354	0.00117302052785924
Master_mconsumospesos_lag2	0.000332472722441352	0.0015670117977643	0.00162418226934356
mpasivos_margen_lag2	0.000330192408032942	0.000976166151998562	0.00103767200541394
Visa_delinquency_lag3	0.000327156584694266	0.00112800024261989	0.000631626438078051
Master_mconsumospesos	0.000326733827585054	0.000991362649558763	0.00162418226934356
Master_msaldototal_lag1	0.000319710828672706	0.000996636800230303	0.00184976314008572
mttarjeta_visa_debitos_automaticos	0.000313222991704458	0.00106422472342969	0.0015339499210467
Visa_fultimo_cierre_lag2	0.000308602027701791	0.00093573811446233	0.00144371757274983
invierte	0.000308062391303001	0.00262400120473443	0.000766974960523348
mtransferencias_emitidas	0.000305542287574728	0.00317346492111583	0.0015339499210467
Visa_madelantopesos_lag1	0.000304606508743312	0.000427233093152114	0.000857207308820212
Master_madelantopesos	0.000300249134239377	0.000588949592948969	0.00108278817956237
internet_lag2	0.000299503715224899	0.00036051562756843	0.000135348522445297
Master_msaldototal_lag3	0.000298543320056313	0.0013586845597377	0.00207534401082788
mcaja_ahorro_dolares_lag2	0.000295333437930958	0.00188695927628143	0.00162418226934356
cproductos	0.000294070099596322	0.00212808513055869	0.000496277915632754
Visa_mpagado_lag3	0.000287295257941816	0.000848256728660996	0.000992555831265509
Master_mpagospesos_lag3	0.000286792179103718	0.00207526822987657	0.00171441461764042
mttarjeta_visa_debitos_automaticos_lag2	0.00028014935780944	0.00102280074741008	0.00130836905030453
Visa_mpagosdolares_lag1	0.000278852199637746	0.000841323251683562	0.00180464696593729
Master_mconsumototal_lag3	0.000276041812977447	0.00129094690306596	0.0013986013986014
mextraccion_autoservicio_lag2	0.00027590487367337	0.0016613267503564	0.0012632528761561
ccaja_ahorro_lag3	0.000272952685470638	0.0037738244419121	0.000766974960523348
active_quarter_lag1	0.000272925807930672	0.0012958895575377	0.00081209113467178
Visa_cadelantosefectivo	0.000269847328316523	0.000592855184955477	0.0013986013986014
chomebanking_transacciones_lag2	0.000269299803440634	0.000665881622946149	0.000721858786374915
chomebanking_transacciones_lag1	0.000260564687202708	0.00241591398840956	0.00121813670200767
disminuyo_uso_tar_master	0.000260018404428508	0.00064338166437955	0.00081209113467178
mtransferencias_recibidas_lag2	0.000247061412834484	0.000935690795521682	0.00148883374689826
mtransferencias_emitidas_lag1	0.000244360175413116	0.00230322439258344	0.00121813670200767
Master_msaldopesos_lag2	0.000242142522134289	0.00138637642101216	0.00180464696593729
Visa_mpagado_lag2	0.000237798236343103	0.001018496569118	0.00112790435371081
Master_mconsumototal	0.000236455445943055	0.00103140725868735	0.0015339499210467
mactivos_margen_lag3	0.00023542125204882	0.00202950725546398	0.00112790435371081
Visa_madelantopesos	0.000235036794916517	0.00049913323490926	0.00130836905030453
Master_mpagosdolares_lag3	0.000233284027779094	0.00113769864833819	0.00175953079178886
mcaja_ahorro_dolares	0.000231962037358775	0.00265894433119217	0.00112790435371081
Master_cconsumos_lag3	0.000230850865993652	0.000956112279505897	0.00162418226934356
cseguro_accidentes_personales_lag1	0.000229666350545799	0.00124365471936784	0.00112790435371081
Master_mpagospesos_lag2	0.000229534083180952	0.00118489039461911	0.00175953079178886
Master_fultimo_cierre_lag2	0.000228836240037237	0.00110749927863231	0.00166929844349199
Master_cconsumos_lag2	0.00022608918583119	0.00161780215607187	0.00148883374689826
ctarjeta_master	0.000223920300317188	0.00060067717719449	0.000451161741484322
Visa_madelantodolares_lag2	0.000223382576255511	0.000464034575443263	0.00108278817956237
balance_transferencias	0.000222204359749653	0.000963986599375655	0.000766974960523348
Master_madelantodolares_lag1	0.000220969283946228	0.000744178916417509	0.00148883374689826
Master_mconsumosdolares_lag1	0.000220927384899936	0.000728950389602218	0.00148883374689826
active_quarter_lag2	0.000220007772046078	0.00141478518400857	0.000721858786374915
mcuenta_debitos_automaticos_lag1	0.000219613605132859	0.00142638016977417	0.000992555831265509
mtarjeta_master_consumo_lag1	0.000219536933084185	0.000672868350207766	0.000360929393187458
Master_mpagospesos_lag1	0.000218309391775427	0.00111740752210412	0.00135348522445297
tcallcenter_lag2	0.000212899927165285	0.0011824934727927	0.000947439657117076
Visa_msaldodolares_lag3	0.000211686275766991	0.000630307796959162	0.00040604556733589
Visa_madelantodolares_lag3	0.000208800547900169	0.000456341491070416	0.000992555831265509
cseguro_accidentes_personales_lag3	0.000207913600250571	0.00133620766750708	0.00108278817956237
mtarjeta_visa_consumo_lag1	0.000203101109222472	0.000511016220355405	0.000857207308820212
mtransferencias_emitidas_lag2	0.000203015192567186	0.00161429778650361	0.00108278817956237
Master_cconsumos	0.000202300454511555	0.000624040080341651	0.00108278817956237
mextraccion_autoservicio_lag3	0.000201728971931342	0.00136703918662618	0.0012632528761561
mcuenta_debitos_automaticos_lag3	0.000200500024893254	0.0020134728567737	0.00108278817956237
Master_cadelantosefectivo_lag3	0.000199920681471802	0.000574867265319955	0.0015339499210467
Visa_status_lag1	0.000199916041588605	0.000541322090629656	0.000270697044890593
mtransferencias_recibidas_lag3	0.0001950684173964	0.00107384430818279	0.00121813670200767
mcuenta_debitos_automaticos_lag2	0.000194603752142156	0.00109338175836498	0.00103767200541394
mtransferencias_recibidas_lag1	0.000192149556616335	0.00122527862624984	0.00112790435371081
saques_mayores_que_media	0.000186037682862968	0.0018944994637987	0.000947439657117076
tcallcenter_lag1	0.000182155702494172	0.000975983203002408	0.000766974960523348
Master_mconsumospesos_lag3	0.000176079582806435	0.000804300859797634	0.00108278817956237
Master_cconsumos_lag1	0.000175215066791195	0.000679631136299019	0.0012632528761561
Master_mconsumosdolares	0.000174021145985662	0.000507011245392773	0.00108278817956237
tcallcenter_lag3	0.000172254282907768	0.000964834781501195	0.000721858786374915
mtarjeta_visa_consumo_lag3	0.000171191476316483	0.00059586923012482	0.00103767200541394
Master_madelantopesos_lag1	0.000169027011017526	0.000506747893739808	0.00117302052785924
Master_mconsumototal_lag1	0.00016890091050703	0.00070520880312224	0.00121813670200767
Visa_mpagado	0.000167879686645857	0.0015665516573136	0.00103767200541394
mpagomiscuentas_lag2	0.000167672938915952	0.000918990241048577	0.00081209113467178
mpagomiscuentas_lag3	0.000166513373319201	0.00112864016868353	0.000902323482968644
Master_mpagosdolares	0.000163009513835537	0.000624004624088074	0.0012632528761561
Master_madelantopesos_lag3	0.000162122068000255	0.000673179152609013	0.0012632528761561
Master_mconsumospesos_lag1	0.000161827272998438	0.000661957446063231	0.000902323482968644
Master_delinquency_lag2	0.000160416827533971	0.0017307888463053	0.000766974960523348
Visa_mpagosdolares_lag2	0.000155363023156123	0.000537697644306718	0.0013986013986014
active_quarter_lag3	0.000154599636075534	0.000949879228296159	0.000721858786374915
mcaja_ahorro_dolares_lag1	0.000152558914863816	0.001210322282199	0.000992555831265509
Master_mpagado_lag2	0.000152123607194336	0.000614365268189861	0.000541394089781187
mtarjeta_visa_consumo_lag2	0.000151524826345308	0.00063157249120851	0.000992555831265509
Master_madelantodolares_lag3	0.000150846584682578	0.000382233307826548	0.00103767200541394
Visa_msaldodolares_lag1	0.000148960570280026	0.000911976493221966	0.000586510263929619
ccajas_depositos	0.000148534588713344	0.000914391209078982	0.000180464696593729
cseguro_accidentes_personales	0.000147412490801119	0.000719006558069196	0.000766974960523348
mcomisiones_mantenimiento_lag1	0.000147299960432117	0.000527320165657453	0.000631626438078051
mautoservicio_lag1	0.000145879875199384	0.000853263573450548	0.000676742612226483
ctarjeta_visa_transacciones_lag3	0.000145713877841011	0.000384735412144983	0.000541394089781187
Master_mconsumosdolares_lag2	0.000144042223449349	0.000629673275008525	0.0013986013986014
cseguro_accidentes_personales_lag2	0.000143379803730895	0.000930461723061009	0.000766974960523348
Master_madelantopesos_lag2	0.000139436930867371	0.000394525951399527	0.000902323482968644
Master_cadelantosefectivo_lag2	0.000133410454927046	0.000584765227796304	0.00103767200541394
ccaja_ahorro_lag1	0.000131266233965905	0.000457195604539491	9.02323482968644e-05
ccajas_depositos_lag1	0.000129729507296439	0.00114298901134873	0.000225580870742161
Visa_cadelantosefectivo_lag2	0.000129375265683891	0.000360634254439135	0.000902323482968644
mtransferencias_emitidas_lag3	0.000127118033508741	0.000431222646621554	0.000721858786374915
Master_mpagosdolares_lag1	0.000124227855210823	0.000552315769968416	0.00135348522445297
ctarjeta_visa_transacciones_lag2	0.000122718486264356	0.000404267590021814	0.000541394089781187
matm_lag1	0.000118804256265788	0.000502568273661972	0.000496277915632754
Master_mpagosdolares_lag2	0.000116905909502555	0.000400123162582287	0.00103767200541394
Master_madelantodolares_lag2	0.000114110255732954	0.000289565555237996	0.000631626438078051
Visa_msaldodolares	0.000113973348576684	0.000920981986207712	0.000586510263929619
aumento_transferencias_emitidas	0.00011189431407507	0.00058544996845554	0.00103767200541394
cprestamos_personales	0.000111651626542004	6.23825761128577e-05	4.51161741484322e-05
Visa_cadelantosefectivo_lag3	0.000110686445586902	0.000555230300374001	0.000902323482968644
cplazo_fijo	0.000102406875884653	0.000914391209078982	0.000180464696593729
matm_lag2	9.4668385838363e-05	0.000533246368694968	0.00040604556733589
cprestamos_personales_lag2	8.80062832066865e-05	0.000330297672986135	9.02323482968644e-05
Master_mpagado_lag3	8.75230486476554e-05	0.000331427659833417	0.000586510263929619
Master_cadelantosefectivo_lag1	8.74574862597941e-05	0.000353773930698636	0.000992555831265509
disminuyo_pago_mis_cuentas	8.55694079464126e-05	0.000658569858058801	0.000225580870742161
Visa_madelantodolares_lag1	8.20512088440724e-05	0.000180513191075316	0.000541394089781187
aumento_debito_automatico	8.07365775512943e-05	0.000631914400211409	0.000541394089781187
matm_other_lag3	8.04258933517731e-05	0.000358766013033167	0.000135348522445297
mplazo_fijo_dolares_lag3	7.81047500016779e-05	0.00225700525483466	0.000496277915632754
Visa_msaldodolares_lag2	7.76939841325464e-05	0.000266749521964785	0.000360929393187458
cpagomiscuentas	7.63571140802129e-05	0.00118231052379655	0.000270697044890593
Master_msaldodolares_lag3	7.54823704167175e-05	0.000340373575768542	0.000451161741484322
mcheques_depositados_lag1	7.29097268942855e-05	0.000685793406809236	0.000135348522445297
mtarjeta_master_consumo_lag3	7.27483348445717e-05	0.000180487356779029	0.000315813219039026
ctarjeta_debito_transacciones_lag1	6.98443208337085e-05	0.000297936394465471	0.000180464696593729
ccaja_ahorro_lag2	6.7123656341818e-05	0.0021850641209033	0.000451161741484322
matm_other_lag2	6.65140101089667e-05	9.14618445440199e-05	4.51161741484322e-05
internet_lag3	6.55782442040737e-05	6.34507451797384e-05	0.000180464696593729
Master_mpagado	6.5571699965049e-05	6.83597887047757e-05	0.000180464696593729
Visa_status_lag2	6.47008818845061e-05	0.000163820149637356	0.000270697044890593
cproductos_lag1	6.29532877876862e-05	0.000195855995109386	9.02323482968644e-05
mtarjeta_master_consumo_lag2	6.12372671094062e-05	0.000499480416217523	0.000315813219039026
mforex_sell	5.53217880480039e-05	0.00137158681361847	0.000270697044890593
ctarjeta_debito_transacciones_lag2	5.5136205345738e-05	0.001105053324366	0.000360929393187458
tiene_seguro	5.48515684037902e-05	0.00160018461588822	0.000315813219039026
ctarjeta_debito_transacciones_lag3	5.34397068471104e-05	0.000228375442790991	0.000270697044890593
ccheques_depositados	5.04988061712647e-05	0.000228597802269745	4.51161741484322e-05
mpagomiscuentas_lag1	4.88293741276044e-05	0.000505224197489421	0.000360929393187458
saco_mas_que_deposito	4.21041310378587e-05	0.000676463139813027	0.000270697044890593
matm_lag3	4.11637930673773e-05	0.000232783617306385	0.000270697044890593
cpagomiscuentas_lag1	3.97380070452533e-05	0.00109619941015949	0.000225580870742161
Visa_madelantopesos_lag2	3.89828275728319e-05	0.000200384246379461	0.000631626438078051
cextraccion_autoservicio_lag1	3.80411185844674e-05	6.10224531364089e-05	9.02323482968644e-05
cprestamos_personales_lag3	3.65446225295624e-05	0.000573416590498868	0.000180464696593729
Master_msaldodolares	3.62975072650498e-05	0.000106938301519084	0.000315813219039026
disminuyo_uso_seguro	3.48105388041108e-05	0.000673966703222859	0.000135348522445297
Master_status_lag1	3.42720278312952e-05	0.000222998745780108	0.000270697044890593
ccheques_depositados_lag1	3.22038353127657e-05	0.000228597802269745	4.51161741484322e-05
mttarjeta_master_debitos_automaticos_lag3	2.9947043999465e-05	0.000349809684294947	0.000180464696593729
Master_status_lag3	2.63394688321668e-05	0.000136219631053347	0.000135348522445297
matm_other_lag1	2.60113671894916e-05	0.000300126114691049	9.02323482968644e-05
Master_mpagado_lag1	2.6009222397621e-05	0.000175304285182664	0.000270697044890593
Visa_status_lag3	2.42643308468809e-05	0.000142359494265765	9.02323482968644e-05
mttarjeta_master_debitos_automaticos	2.40755264794659e-05	1.67052995479333e-05	4.51161741484322e-05
saco_mas_que_ultimo_mes	2.35161374141306e-05	0.000146436699811893	0.000135348522445297
ctarjeta_debito_lag3	2.29819435631245e-05	0.000630326381835572	0.000135348522445297
Master_delinquency_lag3	2.2468884505654e-05	8.21704607998751e-05	0.000180464696593729
Visa_Finiciomora_lag3	2.19677511649924e-05	0.000671942006155195	0.000135348522445297
mttarjeta_master_debitos_automaticos_lag2	2.15714487034508e-05	0.000669246408229877	0.000180464696593729
ccomisiones_mantenimiento_lag3	2.04978276129876e-05	0.000599054229795613	0.000135348522445297
Master_msaldodolares_lag2	2.04666300626033e-05	9.33896630006087e-05	0.000225580870742161
cseguro_vida_lag2	1.94369811051081e-05	0.000400786814020064	9.02323482968644e-05
ccomisiones_mantenimiento	1.87401959503929e-05	0.000685793406809236	0.000135348522445297
Master_Finiciomora_lag1	1.83925357315972e-05	0.000220173712758088	9.02323482968644e-05
cextraccion_autoservicio	1.64373505876338e-05	4.26007545770098e-05	4.51161741484322e-05
deposito_menos_que_ultimo_mes	1.6244618001411e-05	0.000488759183258482	0.000135348522445297
cextraccion_autoservicio_lag3	1.60455890187797e-05	6.94934661658122e-05	4.51161741484322e-05
cproductos_lag2	1.55504325944177e-05	0.000292848092558035	9.02323482968644e-05
ccomisiones_otras	1.34527920594337e-05	0.000218115536551358	9.02323482968644e-05
ctarjeta_master_debitos_automaticos_lag2	1.29239024640759e-05	0.000457195604539491	9.02323482968644e-05
ccomisiones_otras_lag3	1.19976308378632e-05	8.33585748138018e-05	4.51161741484322e-05
cproductos_lag3	1.18610412479988e-05	2.5968344650743e-05	4.51161741484322e-05
ctarjeta_visa_lag1	1.16089250317389e-05	0.000114853877178321	4.51161741484322e-05
ccajas_consultas_lag3	1.15547690129356e-05	0.000457195604539491	9.02323482968644e-05
cseguro_vivienda	1.13043848063801e-05	0.000228597802269745	4.51161741484322e-05
Master_msaldodolares_lag1	1.10142034691241e-05	2.0562122729818e-05	9.02323482968644e-05
otros_cajeros	1.06781587305759e-05	8.07042326779624e-05	9.02323482968644e-05
ctarjeta_debito_lag2	1.00764191971294e-05	0.000457195604539491	9.02323482968644e-05
cseguro_vida_lag1	8.87300830139885e-06	9.97694161071186e-05	4.51161741484322e-05
ctransferencias_recibidas_lag3	7.88759684371314e-06	4.39417654465117e-05	4.51161741484322e-05
ctarjeta_visa_lag3	6.82728877247288e-06	0.000101346758064592	4.51161741484322e-05
ctransferencias_emitidas	6.43702465830661e-06	0.000185997047692736	4.51161741484322e-05
Visa_Finiciomora_lag2	6.36836397295429e-06	0.000137133189765409	4.51161741484322e-05
ctarjeta_master_debitos_automaticos_lag3	6.13688282094548e-06	0.000228597802269745	4.51161741484322e-05
ccajas_depositos_lag3	5.98771969565461e-06	0.000228597802269745	4.51161741484322e-05
ctarjeta_master_lag2	5.82301123443031e-06	3.20471809285648e-05	4.51161741484322e-05
ctarjeta_visa_debitos_automaticos_lag3	5.78519241545919e-06	0.000228597802269745	4.51161741484322e-05
mplazo_fijo_dolares_lag2	4.54138028468712e-06	9.83680373411913e-06	4.51161741484322e-05
ccajas_extracciones_lag1	4.53067741217698e-06	0.000228597802269745	4.51161741484322e-05
ccomisiones_mantenimiento_lag1	4.30767336348056e-06	0.000228597802269745	4.51161741484322e-05
ctarjeta_master_transacciones_lag3	4.00122087924194e-06	0.000185936811603944	4.51161741484322e-05
Master_status_lag2	3.31381484401169e-06	9.83047696768154e-06	4.51161741484322e-05
ccajas_consultas_lag1	3.16198418498426e-06	0.000214038067389962	4.51161741484322e-05
matm_other	1.31515402260822e-06	1.64246810948991e-05	4.51161741484322e-05
mttarjeta_master_debitos_automaticos_lag1	3.32552675564225e-07	3.30974241572056e-05	4.51161741484322e-05
