Feature	Gain	Cover	Frequency
ctarjeta_visa	0.265821326258535	0.00305090685218445	0.00104302477183833
mcuenta_corriente	0.0676354375930628	0.0262891588507352	0.0235984354628422
ctrx_quarter	0.0521882072326522	0.015962655012747	0.00860495436766623
mcaja_ahorro	0.0468710202422345	0.0156054148418204	0.00925684485006519
thomebanking	0.0393641997425706	0.0183704558269805	0.0293350717079531
mpayroll	0.0371160601180765	0.00921622888447145	0.00365058670143416
mprestamos_personales	0.0322536890945722	0.0242032429829968	0.0146023468057366
Visa_delinquency	0.0300920386518378	0.00888942152348463	0.00730117340286832
cdescubierto_preacordado	0.0251981585832593	0.0207954865043927	0.0168187744458931
mautoservicio	0.0230523803537695	0.00561301723910489	0.00404172099087353
Visa_status	0.021445774175542	0.017046015588031	0.00899608865710561
ctarjeta_visa_transacciones	0.020945129708914	0.00929202771158621	0.00417209908735333
mcuentas_saldo	0.0205921038744549	0.0204931294894777	0.0139504563233377
internet	0.0202682933683642	0.011088782448883	0.0195567144719687
Visa_mpagominimo	0.0195626692565063	0.0177874385572676	0.0238591916558018
Visa_msaldopesos	0.0180399543046523	0.0187670823761291	0.0185136897001304
Visa_mpagospesos	0.0151626066441897	0.0207314527422735	0.0312907431551499
Visa_Finiciomora	0.0119509444219368	0.0157180604485183	0.00534550195567145
Master_fechaalta	0.00943109010279157	0.0249459463449843	0.0345501955671447
Visa_msaldototal	0.00859877796925044	0.0154388550249764	0.0183833116036506
Visa_fechaalta	0.00814818095235463	0.0249314368750081	0.0290743155149935
Master_Fvencimiento	0.00745749056586563	0.0250356494040236	0.0341590612777053
cextraccion_autoservicio	0.00723843835806415	0.00271309079720938	0.000651890482398957
Visa_Fvencimiento	0.0070245343929968	0.0233347030734394	0.0305084745762712
cmobile_app_trx	0.006596798304902	0.0206331428732755	0.048109517601043
Master_status	0.0061352785089595	0.00792036548626748	0.00651890482398957
Visa_mlimitecompra	0.00604856995478532	0.0151942738790942	0.0157757496740548
mrentabilidad	0.0059212874232518	0.0138060166902564	0.0108213820078227
Visa_mconsumospesos	0.00587843336649675	0.0176749864572513	0.0262059973924381
cliente_edad	0.00569673352084357	0.022829513626083	0.0151238591916558
tmobile_app	0.00527491288970156	0.0163333029367765	0.0281616688396349
cliente_antiguedad	0.00523383731967909	0.0186261586634532	0.017470664928292
Master_delinquency	0.00521909428382237	0.00506876980990224	0.00651890482398957
Master_msaldototal	0.00516920945480657	0.0113122219304572	0.0144719687092568
Visa_mconsumototal	0.00515671947698048	0.0123528408346568	0.0204693611473272
Master_mfinanciacion_limite	0.00498785038280327	0.0157506288942434	0.0209908735332464
mrentabilidad_annual	0.00489163423545385	0.0201271850490229	0.0140808344198175
ctarjeta_debito_transacciones	0.00486205711202351	0.0052743650092721	0.00169491525423729
Master_msaldopesos	0.00461466561275936	0.00922853492070094	0.01251629726206
Visa_mconsumosdolares	0.00451400780352924	0.0160989783512479	0.0232073011734029
Visa_mfinanciacion_limite	0.00437124193047682	0.0156059932431789	0.0140808344198175
numero_de_cliente	0.00434032806246519	0.0139437362430256	0.0168187744458931
ccajas_transacciones	0.00421509629503747	0.0145245571412794	0.0178617992177314
ccaja_seguridad	0.00412561584655093	0.00496634474589083	0.00117340286831812
mactivos_margen	0.00392212376186076	0.0161403817188226	0.00964797913950456
mcomisiones_otras	0.00387920723777191	0.0111805752388378	0.0147327249022164
Master_mlimitecompra	0.00381144109681057	0.0147748601526153	0.0179921773142112
Visa_cconsumos	0.00370571311599722	0.0091816829982045	0.014993481095176
Visa_fultimo_cierre	0.00366627657215331	0.0101118922159761	0.00925684485006519
Master_fultimo_cierre	0.00341198601798625	0.01148804605624	0.0142112125162973
Master_mpagominimo	0.00331267629477364	0.00952748508805378	0.0127770534550196
mcomisiones	0.00325130460975113	0.0109864668503301	0.0123859191655802
mtarjeta_visa_consumo	0.00269451333818929	0.00924984043008236	0.00743155149934811
tcallcenter	0.00250261281153933	0.00984561572243426	0.00664928292046936
Master_mpagospesos	0.0024380771307024	0.00829589274483407	0.0091264667535854
mextraccion_autoservicio	0.00225898766367739	0.00369170281584525	0.00247718383311604
mpasivos_margen	0.00213936507941323	0.00628759918688153	0.00573663624511082
ccaja_ahorro	0.00206571679451546	0.00772208399198759	0.00182529335071708
Master_cconsumos	0.00201936653218532	0.00387672839620678	0.00743155149934811
mcuenta_debitos_automaticos	0.0020189814309756	0.0086577629515438	0.00404172099087353
Visa_mpagosdolares	0.00201584972426195	0.00649648399983859	0.0100391134289439
Master_mconsumospesos	0.00184946181840833	0.00632822429035729	0.00795306388526728
mplazo_fijo_dolares	0.00179397609747771	0.0027590804143838	0.000651890482398957
Master_mconsumototal	0.00178156388519538	0.00733534252686214	0.00847457627118644
Master_mpagosdolares	0.00168274411629505	0.00496494217556362	0.00743155149934811
mcaja_ahorro_dolares	0.00152812816864785	0.00970624571304132	0.0059973924380704
foto_mes	0.00144577569749253	0.00480014863686076	0.00651890482398957
mttarjeta_visa_debitos_automaticos	0.00131137120426497	0.00902531900604025	0.00560625814863103
active_quarter	0.00130436848803538	0.00637146244026341	0.00508474576271186
mpagomiscuentas	0.001239635885646	0.00560876927308363	0.00247718383311604
cseguro_accidentes_personales	0.00114808009144562	0.00603246415833579	0.00404172099087353
Master_mconsumosdolares	0.00113876603413675	0.00550901375380379	0.00717079530638853
ctarjeta_master	0.00112047643898076	0.0013067033035174	0.000782268578878748
mtransferencias_emitidas	0.00102018367892506	0.00476288094493364	0.0029986962190352
mtransferencias_recibidas	0.000983329827126433	0.00636560074151421	0.00325945241199479
Visa_mpagado	0.00096755742717627	0.0050657874058278	0.0029986962190352
mcomisiones_mantenimiento	0.000802219833783286	0.00434447218198723	0.0029986962190352
cpayroll_trx	0.000656979419949904	0.0027590804143838	0.000651890482398957
Master_cadelantosefectivo	0.000616264527491725	0.00165277446652613	0.00312907431551499
Visa_msaldodolares	0.000606182990027857	0.00193653082822954	0.00234680573663625
Master_madelantopesos	0.000591051909406265	0.00154052222925025	0.00404172099087353
cproductos	0.000569916939155106	0.00969785783399985	0.00273794002607562
Visa_cadelantosefectivo	0.000563030654186981	0.000714541783755806	0.00143415906127771
Master_Finiciomora	0.000541856873093513	0.00291288362104629	0.00130378096479791
mprestamos_prendarios	0.00053007423249382	0.00110363216575352	0.000260756192959583
Visa_madelantodolares	0.000507173003575182	0.00062902524883515	0.00143415906127771
mtarjeta_master_consumo	0.000474773396314059	0.00463143694096988	0.00195567144719687
cprestamos_personales	0.000471859484429118	0.00492959895702102	0.00117340286831812
Visa_madelantopesos	0.000461108441224007	0.0011334929303937	0.00260756192959583
Master_madelantodolares	0.000455088292844182	0.00109713344865832	0.00273794002607562
cplazo_fijo	0.000426391836747522	0.00220726433150704	0.000521512385919166
Master_mpagado	0.000397365384998489	0.00104353986637155	0.00169491525423729
Master_msaldodolares	0.000391988615632551	0.000918990067611362	0.00130378096479791
ccajas_depositos	0.000335671553343984	0.0030841144349418	0.000782268578878748
ccajas_consultas	0.00032477335486596	0.00266789074379419	0.000651890482398957
ctarjeta_master_transacciones	0.000262365859502851	0.00462888816135713	0.00130378096479791
matm	0.000259524606969476	0.00142291748416472	0.00143415906127771
ccomisiones_otras	0.000220242196996844	0.00458287876977729	0.00130378096479791
matm_other	0.000215417363928932	0.00350464894647074	0.00104302477183833
cseguro_vida	0.000199079877096506	0.00538416098290343	0.00143415906127771
ccomisiones_mantenimiento	0.000173705242708445	0.00181036588428389	0.000521512385919166
ccallcenter_transacciones	0.000136744621465266	0.0021629541263357	0.000521512385919166
mttarjeta_master_debitos_automaticos	0.000129680797456867	0.00125830968362704	0.000651890482398957
mcheques_depositados	0.000112767623503031	0.000551816082876759	0.000130378096479791
ctarjeta_visa_debitos_automaticos	8.97074036151049e-05	0.00220726433150704	0.000521512385919166
chomebanking_transacciones	7.24293154602398e-05	0.000855383573894931	0.000260756192959583
ccheques_depositados	6.64208590552099e-05	0.00110363216575352	0.000260756192959583
cpagomiscuentas	6.40323379557104e-05	0.00161062320268928	0.000391134289439374
cseguro_vivienda	5.73978711701495e-05	0.000551816082876759	0.000130378096479791
catm_trx	4.68622651931177e-05	0.00165544824863028	0.000391134289439374
ccajas_extracciones	1.50054853831031e-05	0.000551816082876759	0.000130378096479791
mcheques_emitidos	6.96891131456656e-06	0.000551816082876759	0.000130378096479791
ctarjeta_debito	6.38079405999501e-06	0.000551816082876759	0.000130378096479791
