Feature	Gain	Cover	Frequency
mcaja_ahorro	0.188623196910002	0.0201489520706026	0.0113636363636364
ctarjeta_visa	0.0853490711876362	0.00405819724236381	0.00167464114832536
Visa_status	0.0586855717239229	0.0143521508121224	0.00861244019138756
cdescubierto_preacordado	0.0580698306424253	0.0235264862144619	0.015311004784689
Visa_cadelantosefectivo	0.0560626642172464	0.00224461110956325	0.0041866028708134
Visa_mpagospesos	0.0436477681269794	0.0200004989767277	0.0276315789473684
mcuenta_corriente	0.0385544894028142	0.0281532445322007	0.0205741626794258
ctarjeta_visa_transacciones	0.0319661802730243	0.00729298972749129	0.00382775119617225
mpayroll	0.030909727094018	0.00909302925826366	0.00394736842105263
mprestamos_personales	0.0264956785392401	0.0257420260189154	0.0141148325358852
mcuentas_saldo	0.0247173426310653	0.024049025044254	0.015311004784689
ctrx_quarter	0.0209088058894975	0.0133390883201101	0.00741626794258373
Visa_delinquency	0.0196740744266851	0.00880942970618475	0.00801435406698565
Visa_mfinanciacion_limite	0.0194140451808565	0.0107396654309451	0.0114832535885167
Visa_mconsumototal	0.0149568007681864	0.016419336575153	0.0264354066985646
Visa_Finiciomora	0.0149487724953542	0.0163223542013276	0.00562200956937799
Visa_mconsumospesos	0.0136232244534021	0.0152695038722389	0.0273923444976077
Visa_mpagominimo	0.0125739141447445	0.0173125703631697	0.0230861244019139
mtarjeta_visa_consumo	0.0119340423207102	0.00852757300558544	0.00466507177033493
mautoservicio	0.010182868126654	0.00671733284103479	0.00538277511961723
Visa_fechaalta	0.00869451401933986	0.022741631728248	0.0241626794258373
internet	0.00852922657881481	0.0129556291563098	0.0198564593301435
mextraccion_autoservicio	0.00810882796347907	0.00486278734007189	0.00287081339712919
mcomisiones	0.00780066010566109	0.00999232647138725	0.0135167464114833
Visa_msaldopesos	0.00755734079822543	0.0149812889475679	0.0169856459330144
Master_fechaalta	0.00736760367982589	0.0240183972006103	0.0327751196172249
thomebanking	0.00682419558163369	0.0173025194872655	0.0330143540669856
Visa_Fvencimiento	0.00613472594610914	0.0191090758439526	0.0244019138755981
Visa_mlimitecompra	0.00595955475917542	0.0169104191762104	0.0159090909090909
Master_status	0.00580792013396835	0.0080835297065394	0.00813397129186603
Master_Fvencimiento	0.0057051632413553	0.0180704312873773	0.0289473684210526
Visa_msaldototal	0.00535682006128389	0.0134470177586926	0.016866028708134
cmobile_app_trx	0.0052449381567384	0.0203128974396731	0.0441387559808612
cliente_edad	0.00494716632566833	0.0246809390067516	0.0150717703349282
mrentabilidad_annual	0.00494175449476918	0.0206654846662869	0.016866028708134
Master_mfinanciacion_limite	0.00491498197976025	0.0170267739692054	0.0217703349282297
Master_msaldopesos	0.00469826924809851	0.0106804031742573	0.0163875598086124
Master_mlimitecompra	0.00466911747444753	0.0162559855207956	0.0217703349282297
tmobile_app	0.00465713050924587	0.0175503481329617	0.0291866028708134
Master_delinquency	0.0043676258804491	0.00553109482436581	0.00645933014354067
Visa_mconsumosdolares	0.00411671304080093	0.0165622669052223	0.0259569377990431
mactivos_margen	0.00367207469781142	0.017902537380973	0.00933014354066986
mcomisiones_otras	0.00359800654173817	0.0126648270759241	0.0139952153110048
numero_de_cliente	0.00357091800390486	0.0175514860569656	0.0171052631578947
mrentabilidad	0.00356285482164176	0.015197104784084	0.0119617224880383
cliente_antiguedad	0.00349105733873519	0.018356282513949	0.0167464114832536
Visa_madelantodolares	0.00342829180706152	0.00203398845161021	0.00358851674641148
Master_mpagominimo	0.00336845386528032	0.0112426985924355	0.0131578947368421
ccaja_seguridad	0.00330874001715993	0.00322480115861417	0.000837320574162679
Master_msaldototal	0.0030747259423488	0.0107555049793211	0.0125598086124402
ccajas_transacciones	0.00304082519185161	0.0137176697402397	0.0149521531100478
Visa_cconsumos	0.00295976079057318	0.00955052187567952	0.0148325358851675
Master_fultimo_cierre	0.00269683539388552	0.00983906815438694	0.0136363636363636
tcallcenter	0.00263251459373219	0.0106947758029847	0.00813397129186603
ctarjeta_debito_transacciones	0.00245663291890299	0.00610520519545323	0.00191387559808612
mcuenta_debitos_automaticos	0.00227608959551923	0.00622705032436774	0.00334928229665072
Master_mpagospesos	0.00227530047689871	0.00917530057415017	0.0102870813397129
Master_mconsumospesos	0.00210724515330792	0.00756913086576203	0.00897129186602871
Visa_mpagosdolares	0.00199606986125786	0.00714980940789991	0.00956937799043062
Master_Finiciomora	0.00185715945638928	0.00303937378898244	0.000956937799043062
active_quarter	0.00175133500815562	0.00564243980375386	0.00406698564593301
ccaja_ahorro	0.00174094093411677	0.0054815915926071	0.00143540669856459
cplazo_fijo	0.00174019475565709	0.00230342939901012	0.000598086124401914
mttarjeta_visa_debitos_automaticos	0.00170256975311668	0.00657177290419994	0.00574162679425837
Visa_madelantopesos	0.00164519760500427	0.00372606552631607	0.00550239234449761
Master_mconsumototal	0.0016410593738879	0.00601065491308697	0.00801435406698565
mpasivos_margen	0.0016083155998922	0.00634362680618425	0.00478468899521531
Master_mpagosdolares	0.00154756289115537	0.00535170139994457	0.00885167464114833
mcomisiones_mantenimiento	0.00152964610518079	0.00585170697606699	0.00322966507177034
Visa_fultimo_cierre	0.00146057260315149	0.00754141622548798	0.00657894736842105
mcaja_ahorro_dolares	0.00143243284819651	0.00874291539496412	0.00610047846889952
mpagomiscuentas	0.00134381577768433	0.00734556417486476	0.00334928229665072
Master_mconsumosdolares	0.00133990779645264	0.00399397116070757	0.00837320574162679
cproductos	0.00110006798854278	0.00901972749567864	0.00251196172248804
chomebanking_transacciones	0.00107992022687309	0.00170646916016495	0.000478468899521531
Master_cconsumos	0.00100009885309869	0.00398806869583535	0.00777511961722488
foto_mes	0.00098853664821309	0.0046126380369252	0.00514354066985646
cpayroll_trx	0.000979029872078763	0.0055282305576243	0.00143540669856459
Visa_mpagado	0.000890321371115222	0.00537435611078766	0.00311004784688995
mtransferencias_recibidas	0.000825811666419378	0.00765401527967208	0.00311004784688995
Master_madelantodolares	0.000810118255800086	0.00194683939205296	0.00430622009569378
mtransferencias_emitidas	0.000772070629058914	0.00610373827580464	0.00334928229665072
Master_madelantopesos	0.000756902899113901	0.00281872678703204	0.00502392344497608
Master_cadelantosefectivo	0.000725116005364931	0.00283899126786894	0.00478468899521531
matm	0.000703686803299928	0.00169281171372602	0.00143540669856459
cseguro_accidentes_personales	0.000658109583084033	0.00565306258964966	0.0034688995215311
mtarjeta_master_consumo	0.000653465965628511	0.00456614470259659	0.00227272727272727
cprestamos_personales	0.000500637663683047	0.00643384059577904	0.00167464114832536
Visa_msaldodolares	0.000452804017357938	0.00221736284125143	0.00227272727272727
ccajas_consultas	0.000448066306061707	0.00414617291821823	0.00107655502392344
mplazo_fijo_dolares	0.000447261605368326	0.00092137175960405	0.000239234449760766
ccajas_depositos	0.000402177219836689	0.00412206956526235	0.00107655502392344
Master_msaldodolares	0.000315362408560408	0.00123120311316433	0.00191387559808612
Master_mpagado	0.000302959908773669	0.00140452780609723	0.00203349282296651
ccallcenter_transacciones	0.000224016094460214	0.0032726199090883	0.000956937799043062
ctarjeta_master	0.000219488040408825	0.000812914041276755	0.000478468899521531
ccomisiones_otras	0.000180873623400181	0.00361009986795453	0.000956937799043062
ctarjeta_master_transacciones	0.000154569789538277	0.00273417962313767	0.000837320574162679
cseguro_vida	0.000151880445886096	0.00386971280746762	0.00107655502392344
ccheques_depositados	0.000131476611711079	0.000460685879802025	0.000119617224880383
mttarjeta_master_debitos_automaticos	0.000130381090156636	0.00247465866090159	0.000956937799043062
ccuenta_debitos_automaticos	0.000127787871812167	0.000551432076327155	0.000239234449760766
ctarjeta_visa_debitos_automaticos	6.96745775209713e-05	0.00115705645674633	0.000358851674641148
catm_trx	6.01597638377471e-05	0.00138205763940607	0.000358851674641148
matm_other	4.78822390209422e-05	0.00175826592786941	0.000478468899521531
cseguro_vivienda	3.60575998855017e-05	0.000641751993549256	0.000239234449760766
mcheques_emitidos	3.21295971294273e-05	0.000588268975766426	0.000239234449760766
cextraccion_autoservicio	2.79300515144005e-05	0.000560563769059243	0.000239234449760766
ctarjeta_debito	1.30044420728227e-05	0.000460685879802025	0.000119617224880383
cpagomiscuentas	1.18026443659558e-05	0.000460685879802025	0.000119617224880383
ctransferencias_emitidas	8.93356697917806e-06	0.000460685879802025	0.000119617224880383
