Feature	Gain	Cover	Frequency
Visa_status	0.261774269645416	0.0367548669597104	0.0162271805273834
mcaja_ahorro	0.0837466516961082	0.0447372163233858	0.0243407707910751
mcuentas_saldo	0.066300894212068	0.0278357934643896	0.0223123732251521
cdescubierto_preacordado	0.0608816295284511	0.0229218512730727	0.0223123732251521
mpayroll	0.0596561561533227	0.0526139127529064	0.0304259634888438
internet	0.0528776109821319	0.0130948613068126	0.0141987829614604
chomebanking_transacciones	0.0488211145021768	0.0746342389053775	0.0466531440162272
mcuenta_corriente	0.0407064669943625	0.0347831633310231	0.0162271805273834
mpasivos_margen	0.0330784478974057	0.0202932919862035	0.0101419878296146
Visa_mpagospesos	0.0321011446217274	0.0266171418382535	0.0182555780933063
ctrx_quarter	0.0267209903031248	0.0244801482003211	0.0162271805273834
mprestamos_personales	0.0247670372594398	0.0363475907371669	0.0202839756592292
mautoservicio	0.0229495032126026	0.0294784729864035	0.0162271805273834
mtarjeta_visa_consumo	0.0218088729582393	0.0178049883669505	0.0101419878296146
Visa_msaldopesos	0.0191916133808121	0.0415432275020439	0.0425963488843813
Visa_cconsumos	0.0180046414275228	0.0138298572788178	0.0223123732251521
Visa_delinquency	0.0163894276070028	0.0265169206202021	0.0141987829614604
Visa_Finiciomora	0.0156672351296329	0.0145595333367663	0.00405679513184584
ctarjeta_visa_transacciones	0.0145856186339674	0.0168922364574903	0.0101419878296146
Master_status	0.0116269920727195	0.0186660877308238	0.0121703853955375
thomebanking	0.0110040750171465	0.0282917035772584	0.0446247464503043
mactivos_margen	0.00608224833813999	0.0249575522566726	0.0304259634888438
Visa_mpagominimo	0.00598918734395089	0.0268678858785453	0.0283975659229209
mcomisiones	0.00593731093714107	0.00838721252537709	0.0121703853955375
mextraccion_autoservicio	0.00443609214673261	0.0105592188376088	0.0101419878296146
Visa_fechaalta	0.00340618016219274	0.024553145619995	0.0365111561866126
Visa_msaldototal	0.00327324324687566	0.0207685252194812	0.0223123732251521
matm	0.00325734563770194	0.0128664683590285	0.0101419878296146
mrentabilidad	0.00266455599858305	0.00487864069506364	0.00811359026369168
Visa_mfinanciacion_limite	0.00263165224042081	0.00509248074309901	0.00811359026369168
Master_msaldototal	0.00256618277453055	0.0203753919558483	0.026369168356998
mcomisiones_otras	0.00227108637843302	0.00806474747211147	0.0121703853955375
ctarjeta_debito_transacciones	0.00185644136391433	0.00500284345213751	0.00608519269776876
cmobile_app_trx	0.00157957640290008	0.0156670630452953	0.0243407707910751
foto_mes	0.00135435924983137	0.00671135574599771	0.00811359026369168
mttarjeta_visa_debitos_automaticos	0.00119553759207984	0.0158781732600231	0.0162271805273834
Master_Fvencimiento	0.00108519523686275	0.0113849328536939	0.0283975659229209
cproductos	0.000977923975941088	0.00398230505279754	0.00202839756592292
Master_msaldopesos	0.000970554873849545	0.0118667996750772	0.0141987829614604
Visa_mconsumototal	0.0008628763421607	0.0101042497253	0.0162271805273834
Master_delinquency	0.000567512307228224	0.00794130869569021	0.00811359026369168
Master_fechaalta	0.000542962393500643	0.0177302673323895	0.0365111561866126
tmobile_app	0.000486133137767881	0.00937365130046603	0.0141987829614604
Visa_madelantopesos	0.000394169752650306	0.00135814331309955	0.00405679513184584
mcomisiones_mantenimiento	0.000387004565004921	0.00398137336907483	0.00202839756592292
Visa_Fvencimiento	0.0002481696017322	0.00298997803658109	0.00811359026369168
Visa_mconsumosdolares	0.00023055399186178	0.00602768623027638	0.0182555780933063
Master_mpagosdolares	0.000229336377232273	0.00974157320256245	0.0141987829614604
Master_mpagospesos	0.000204459715415664	0.00658904430688093	0.0141987829614604
Visa_mlimitecompra	0.000183837141525773	0.00236609466534578	0.00608519269776876
Visa_mconsumospesos	0.0001679989999031	0.00284158877006578	0.00811359026369168
mtransferencias_recibidas	0.00014600617950184	0.00254595620801408	0.00405679513184584
ctarjeta_visa_debitos_automaticos	0.000143661150378388	0.00162575082877227	0.00202839756592292
mpagomiscuentas	0.000130891904429876	0.00613103790563611	0.00608519269776876
Master_mconsumosdolares	0.000122257496734255	0.00513539409536683	0.0121703853955375
ccajas_transacciones	0.000114768101185376	0.0059243159212422	0.00811359026369168
mrentabilidad_annual	9.24789112419513e-05	0.00330743063141855	0.00608519269776876
mcuenta_debitos_automaticos	9.14588282888587e-05	0.000843313521606924	0.00202839756592292
tcallcenter	6.98235680161201e-05	0.00448092354751509	0.00608519269776876
cliente_antiguedad	5.7495861856698e-05	0.00747597926038493	0.0101419878296146
Master_mlimitecompra	5.74754954916202e-05	0.00164716092072004	0.00405679513184584
Master_mpagominimo	5.01876267731577e-05	0.002077803771029	0.00405679513184584
Master_fultimo_cierre	4.99275191704287e-05	0.000837294844758246	0.00202839756592292
Visa_msaldodolares	4.06196777199399e-05	0.00118492467537414	0.00202839756592292
Master_mconsumototal	3.99245231487818e-05	0.00326059489067814	0.00811359026369168
Master_madelantodolares	3.83618821631399e-05	0.0019333089424746	0.00608519269776876
Master_mconsumospesos	1.74132520421608e-05	0.00158121634682694	0.00405679513184584
Master_msaldodolares	9.93623735231992e-06	0.000640066717498709	0.00202839756592292
Visa_fultimo_cierre	9.53748331748174e-06	0.000586001111070107	0.00202839756592292
numero_de_cliente	5.75627766875316e-06	0.00161164513721051	0.00405679513184584
mtarjeta_master_consumo	4.12097273517608e-06	0.00080687537121191	0.00202839756592292
mtransferencias_emitidas	3.43064817695567e-06	0.00104763176199625	0.00202839756592292
Master_cconsumos	2.2620020480737e-06	0.0018610289192671	0.00608519269776876
Master_cadelantosefectivo	2.12144382433487e-06	0.00124461765148788	0.00405679513184584
Master_madelantopesos	1.49528924907286e-09	0.000602920487474439	0.00202839756592292
