Feature	Gain	Cover	Frequency
ctarjeta_visa	0.227659477290197	0.0107072785138291	0.00402414486921529
mcaja_ahorro	0.135291606409436	0.0451117864151114	0.0261569416498994
mcuenta_corriente	0.0816677766084221	0.0525492752710735	0.0462776659959759
Visa_mpagospesos	0.0759726370434087	0.0416595423076387	0.0402414486921529
chomebanking_transacciones	0.066591722229796	0.0479084570174434	0.0221327967806841
ctrx_quarter	0.0565347359750489	0.0471451262341531	0.0181086519114688
cdescubierto_preacordado	0.0514206229875626	0.0231763825178378	0.0201207243460765
Visa_status	0.0452838853003194	0.0319730327129247	0.0140845070422535
internet	0.0305459205015521	0.00567594988054553	0.0120724346076459
mautoservicio	0.0278139736378896	0.0292332214274446	0.0160965794768612
mprestamos_personales	0.0272485684184287	0.0565987362961375	0.03420523138833
Master_status	0.0199330748538777	0.00768534261084156	0.0100603621730382
Visa_delinquency	0.0164536058014684	0.0282572966899559	0.0160965794768612
cpayroll_trx	0.0127854744904169	0.00690174321866692	0.00201207243460765
mpayroll	0.0107684042607267	0.0313723591333531	0.0160965794768612
mcuentas_saldo	0.0106027423211854	0.0361105554367803	0.0261569416498994
Visa_msaldopesos	0.0100153615448547	0.0318694899745157	0.03420523138833
mtarjeta_visa_consumo	0.00955853379270048	0.0178805268189464	0.0140845070422535
Visa_msaldodolares	0.00825785048094689	0.000525957923292197	0.00201207243460765
mactivos_margen	0.007407094905685	0.0174294047032859	0.0181086519114688
ctarjeta_visa_transacciones	0.00695626284713426	0.0240613804089043	0.0140845070422535
mextraccion_autoservicio	0.00644538694100838	0.0315263839245328	0.0140845070422535
Visa_msaldototal	0.006334049227108	0.0195585328773103	0.0301810865191147
Visa_Finiciomora	0.00531709857278963	0.00722161384560596	0.00201207243460765
Visa_mconsumospesos	0.0053012828002925	0.00951870436767171	0.0140845070422535
mpasivos_margen	0.00453623561060674	0.0161697656534753	0.0100603621730382
thomebanking	0.00446273327110132	0.0154515378393393	0.028169014084507
Visa_cconsumos	0.00433654244393812	0.0116408452784419	0.0201207243460765
mrentabilidad	0.00428732973686093	0.00711067717782737	0.0100603621730382
Visa_mpagominimo	0.00190383786035925	0.0261822920789167	0.0301810865191147
Visa_fechaalta	0.00185189253054746	0.0257594609855065	0.0321931589537223
mcomisiones_otras	0.00159255318039086	0.0106055750153507	0.0100603621730382
mcomisiones	0.00117166198594311	0.00943170554622709	0.0100603621730382
Master_msaldototal	0.00100904997183743	0.0101341750483942	0.0140845070422535
cproductos	0.000952756600969203	0.00635878850023644	0.00402414486921529
Master_fechaalta	0.000943857288054209	0.00856733671810167	0.0140845070422535
Master_mpagominimo	0.000921794904614276	0.0101181579488974	0.0120724346076459
matm	0.000834618760701051	0.00114213102730478	0.00201207243460765
foto_mes	0.000824144537906947	0.00627130907338279	0.0140845070422535
tmobile_app	0.000798069174517804	0.00842546569832317	0.0120724346076459
Master_delinquency	0.000687951817052333	0.00906267453139217	0.0100603621730382
mtarjeta_master_consumo	0.000671438702905116	0.00318987976620543	0.00201207243460765
cmobile_app_trx	0.000648274789027408	0.0198219970655713	0.0462776659959759
mrentabilidad_annual	0.000522115675586566	0.0041412659005989	0.0100603621730382
cliente_edad	0.000484441490417953	0.00139321962628345	0.00402414486921529
Master_msaldopesos	0.000478980103281743	0.00560234331367152	0.0140845070422535
Visa_mconsumototal	0.000363086235341384	0.00417702479151245	0.0100603621730382
Master_Fvencimiento	0.000337344508746844	0.00488131504878681	0.0120724346076459
Visa_Fvencimiento	0.000318260257228742	0.00263608369883683	0.00603621730382294
tcallcenter	0.000265769095663034	0.00534326927097372	0.00402414486921529
active_quarter	0.000245065769544783	0.00194903053940526	0.00201207243460765
cliente_antiguedad	0.00022750725304585	0.00946144762711616	0.0140845070422535
Master_mpagospesos	0.000210093326494712	0.00395890387511032	0.00804828973843059
Visa_mfinanciacion_limite	0.000191744161194014	0.00315457375346577	0.00603621730382294
Visa_mconsumosdolares	0.00017977869102625	0.00483702541186312	0.0120724346076459
mpagomiscuentas	0.000176427310771451	0.0062366038174044	0.0100603621730382
Master_mpagosdolares	0.000174191542916127	0.00600486882855056	0.0160965794768612
mcaja_ahorro_dolares	0.000137496355333323	0.00300346956438702	0.00603621730382294
mcuenta_debitos_automaticos	0.000135097378726178	0.00221171836508243	0.00402414486921529
ctarjeta_debito_transacciones	0.000126347109886156	0.00218692097445926	0.00201207243460765
Master_cadelantosefectivo	0.000126337099556664	0.00562195571132429	0.0160965794768612
Master_mlimitecompra	0.000112903884155753	0.00725573682964649	0.0120724346076459
Visa_mpagosdolares	0.000103183331759022	0.00473334403727842	0.00603621730382294
ctarjeta_master	8.4601431148743e-05	0.00230358793749926	0.00201207243460765
mttarjeta_visa_debitos_automaticos	7.69511148974604e-05	0.00800481581407698	0.0100603621730382
Master_mconsumosdolares	4.86584251996091e-05	0.00575504643997643	0.0160965794768612
mtransferencias_emitidas	4.83524964759363e-05	0.00511230140229198	0.00804828973843059
Visa_mlimitecompra	3.87224671922342e-05	0.00103657344314255	0.00201207243460765
Master_msaldodolares	3.85052381176964e-05	0.0030959953480354	0.00201207243460765
Visa_madelantopesos	2.46491025885406e-05	0.000620775825045139	0.00201207243460765
Master_madelantopesos	2.05099790891903e-05	0.000949861136460992	0.00201207243460765
Master_mfinanciacion_limite	2.0388873990747e-05	0.001152584194951	0.00402414486921529
Master_fultimo_cierre	1.91818148273681e-05	0.0033338857830894	0.00402414486921529
cseguro_accidentes_personales	1.64348182437659e-05	0.00281829784573801	0.00201207243460765
Master_mconsumototal	1.3952266795559e-05	0.00258926164110407	0.00402414486921529
Visa_mpagado	1.07619002890688e-05	0.000674769994266377	0.00201207243460765
Visa_cadelantosefectivo	6.38678598025399e-06	0.00085556080976392	0.00201207243460765
Master_mconsumospesos	5.96744994237419e-06	0.00109511487892607	0.00201207243460765
Master_cconsumos	5.89768593894933e-06	0.00291204362773237	0.00804828973843059
Master_madelantodolares	1.43723192948031e-06	0.00054323199078184	0.00201207243460765
ccajas_transacciones	5.77927086225938e-07	0.00125431542066449	0.00201207243460765
