Feature	Gain	Cover	Frequency
ctarjeta_visa	0.229237975776733	0.00723707528113972	0.0019723865877712
mcuenta_corriente	0.0974468702286601	0.0278215915841579	0.0236686390532544
Visa_status	0.070229954512555	0.036582678460312	0.0138067061143984
mcaja_ahorro	0.0622575625078733	0.0395981635429188	0.0335305719921105
ctrx_quarter	0.0574194431451152	0.0315047979027861	0.0157790927021696
mpasivos_margen	0.0526094575221377	0.0160205025828848	0.00591715976331361
mcuentas_saldo	0.0484524822476689	0.027424993456719	0.029585798816568
chomebanking_transacciones	0.0450867406077834	0.0726620304664497	0.0374753451676529
ctarjeta_visa_transacciones	0.0440920300563212	0.0182429210814092	0.0118343195266272
mpayroll	0.0388180765357426	0.0765055376746733	0.0315581854043393
mprestamos_personales	0.0327219109551488	0.0388334670764091	0.029585798816568
internet	0.0279551676008352	0.012241182418337	0.0118343195266272
cdescubierto_preacordado	0.0221700732874743	0.0289707619587455	0.0157790927021696
Visa_delinquency	0.0198887514049866	0.0203014449568684	0.0138067061143984
Visa_mpagominimo	0.018998776317662	0.0403180402252515	0.0493096646942801
Visa_mpagospesos	0.0177161198123205	0.0351226871893794	0.0453648915187377
mautoservicio	0.0174196168349662	0.028835209666654	0.0177514792899408
Visa_Finiciomora	0.0123660395007635	0.0144741505622794	0.00394477317554241
Master_status	0.0108588858971082	0.00568624961809635	0.00986193293885602
Visa_msaldopesos	0.010286448037019	0.0423652549549202	0.0512820512820513
Visa_msaldototal	0.0100872852415953	0.0309586430373628	0.0216962524654832
thomebanking	0.00766855414195275	0.0187080131753679	0.0374753451676529
mtarjeta_visa_consumo	0.00744184786586802	0.0214407603510129	0.019723865877712
ctarjeta_debito_transacciones	0.00456838561040972	0.00480529402139646	0.0019723865877712
mextraccion_autoservicio	0.00449892258182465	0.00800245715042463	0.00394477317554241
mactivos_margen	0.00353464298951831	0.0158124272674194	0.0177514792899408
mcomisiones_otras	0.00262981099318962	0.0120366452631434	0.00788954635108481
Master_delinquency	0.00244987587328601	0.00972318860411556	0.0118343195266272
Visa_mconsumototal	0.00243050006473535	0.00710223617842235	0.0138067061143984
cmobile_app_trx	0.0019975387502171	0.0219778104741659	0.0355029585798817
cpayroll_trx	0.00192919391270002	0.00723707528113972	0.0019723865877712
Visa_fechaalta	0.0016073075071518	0.016154406203436	0.019723865877712
Master_msaldopesos	0.00138113210559029	0.00771350430748784	0.0138067061143984
Master_mpagospesos	0.00133360643329021	0.00975251272825371	0.0157790927021696
foto_mes	0.00102844395621744	0.00710001325050284	0.00986193293885602
mpagomiscuentas	0.000931854188243846	0.00922715150107746	0.00986193293885602
mcomisiones	0.000794656128002734	0.00250977824311892	0.00394477317554241
tcallcenter	0.000792680263599336	0.00569255717606795	0.00394477317554241
Visa_madelantodolares	0.000710584237888875	0.00401681222614802	0.00788954635108481
Visa_madelantopesos	0.0006365714102748	0.00145743490382512	0.00394477317554241
Master_fechaalta	0.000612235013993575	0.0175297317072344	0.0256410256410256
tmobile_app	0.000374727729349101	0.00857901981734683	0.0138067061143984
Master_mpagado	0.000356142849656378	0.00283656717168563	0.00394477317554241
Master_mpagominimo	0.000345567043402325	0.0127723603069026	0.0118343195266272
cliente_edad	0.000318380897629798	0.00217786731813768	0.0019723865877712
Master_msaldodolares	0.000310613204032041	0.00457353526138863	0.00591715976331361
Master_msaldototal	0.00030724376059545	0.00825715837900169	0.0118343195266272
mtransferencias_emitidas	0.000247876145322363	0.0054642069055367	0.00788954635108481
Visa_mfinanciacion_limite	0.000235006135500135	0.00298692972104089	0.00591715976331361
mttarjeta_visa_debitos_automaticos	0.000224977085145375	0.00837843762141007	0.0138067061143984
numero_de_cliente	0.000211002313023684	0.00473931937318545	0.00591715976331361
Visa_mconsumospesos	0.000180015464448755	0.00170161427358319	0.00394477317554241
Master_mfinanciacion_limite	0.000178783072084378	0.00407548826102331	0.00986193293885602
Master_cadelantosefectivo	0.000171342015696997	0.00466968615610693	0.0118343195266272
Visa_cconsumos	0.000149850779944484	0.00483767467142393	0.00591715976331361
cliente_antiguedad	0.000143325592798823	0.00683807824398772	0.00591715976331361
Master_mconsumosdolares	0.000140862187288724	0.0062341179904576	0.0177514792899408
mrentabilidad_annual	0.000136133221157761	0.00248576135938859	0.00591715976331361
matm	0.000124691561074324	0.000869618664310413	0.0019723865877712
Visa_msaldodolares	0.000121129033525834	0.00124714592263985	0.0019723865877712
Visa_mconsumosdolares	0.000117038646532879	0.00633945698724319	0.0157790927021696
Visa_fultimo_cierre	7.99474181858777e-05	0.00151393432177923	0.00394477317554241
Master_mconsumototal	6.99818795281582e-05	0.00286865143132384	0.00591715976331361
ccajas_transacciones	6.93257130905059e-05	0.00441780989842757	0.00591715976331361
Master_mpagosdolares	6.4646101051219e-05	0.00487840056334921	0.0138067061143984
Master_mconsumospesos	5.50211602817732e-05	0.00208659760264263	0.00591715976331361
Master_fultimo_cierre	3.61884298353847e-05	0.00147991426241112	0.00394477317554241
Master_mlimitecompra	2.9314775095022e-05	0.00351555124249908	0.00591715976331361
Visa_mpagosdolares	2.57752157146494e-05	0.000828309253806259	0.0019723865877712
mtarjeta_master_consumo	1.52354918548163e-05	0.00263855060505597	0.00394477317554241
mrentabilidad	1.42014255818829e-05	0.000615167515124292	0.0019723865877712
mcaja_ahorro_dolares	1.38100843742097e-05	0.00221011829736985	0.00591715976331361
Master_Fvencimiento	1.07400111120131e-05	0.0031606978489486	0.00986193293885602
Master_cconsumos	5.67090746413063e-06	0.00200737800891124	0.00591715976331361
cseguro_accidentes_personales	4.34807740636604e-06	0.00145687917184524	0.0019723865877712
Visa_cadelantosefectivo	4.0171267766775e-06	0.00121904440885743	0.0019723865877712
Master_madelantopesos	2.84070454005543e-06	0.00249004049563364	0.00788954635108481
Visa_Fvencimiento	2.81751729270458e-06	0.000641694454963731	0.0019723865877712
Master_madelantodolares	2.79959114544434e-06	0.00124124590145349	0.00394477317554241
mtransferencias_recibidas	5.97573034585849e-07	0.000958776598281932	0.0019723865877712
