Feature	Gain	Cover	Frequency
Visa_status	0.0636209681203242	0.00431635315134823	0.00215516044280771
cdescubierto_preacordado	0.0279119244630248	0.00641528074652482	0.0032216315897641
mcaja_ahorro	0.0274977976656279	0.00561396095762497	0.00208850599612293
mtarjeta_visa_consumo	0.0270578463566939	0.004999630810686	0.00173857015102787
Visa_mpagado_lag1	0.0232540747803687	0.00120642558455319	0.000860953269678337
mcaja_ahorro_lag1	0.0214344852755296	0.00320807723430281	0.00197186071442458
ctarjeta_visa_transacciones	0.0212647412328906	0.00550277331870962	0.00114978920531236
Master_status	0.0203140284322463	0.00236395904733354	0.00240511461787561
mcuenta_corriente	0.0196515779839962	0.0067105989182347	0.00443807524176123
ctrx_quarter	0.0192906372131135	0.00736831597902182	0.00193853349108219
Master_delinquency_lag1	0.017346135446949	0.00122922235950932	0.00157193403431593
internet	0.0152922293174585	0.00254597920525599	0.00526014675087345
mcuentas_saldo	0.0147195909545718	0.00923289982149226	0.00334383140868619
mprestamos_personales	0.014055807798089	0.0114409868496125	0.0033105041853438
mpayroll	0.0126541217240882	0.0108515865085706	0.00166080662989563
Visa_delinquency	0.0126100506502342	0.00238018751356518	0.00229957841062472
Visa_mpagospesos	0.0124376914552429	0.00473800037050955	0.00702648958801997
Visa_Finiciomora	0.0120856786923986	0.00470283414078011	0.00109979837029878
mcuenta_corriente_lag1	0.010384440903744	0.00503363442635632	0.00417145745502214
mautoservicio	0.00988981259623664	0.00321887388092845	0.00207739692167547
mcuentas_saldo_lag1	0.00896723867747562	0.00417651219788161	0.00308276815917082
mextraccion_autoservicio	0.0085734120096834	0.00122935493545284	0.00118311642865475
mpayroll_lag1	0.00809353644940791	0.00363298822820463	0.00108313475862759
tmobile_app_lag6	0.00715833620546725	0.00532223827152002	0.0212461048807719
mtarjeta_visa_consumo_lag1	0.00685881144583547	0.00137763511196062	0.00141085245482773
mprestamos_personales_lag1	0.00605687058545599	0.00565386664183261	0.00289946843078769
Visa_delinquency_lag1	0.00575771351389686	0.00228678337106124	0.00233846017119084
Visa_msaldototal	0.00556282400015161	0.00319614604979905	0.00451028422566974
Visa_mpagospesos_lag1	0.00522265316990908	0.00391878543088771	0.00628218160003999
Visa_mpagominimo	0.00502637355571206	0.00378399721438235	0.00593224575494493
Visa_msaldopesos	0.00487582958777302	0.00373192121032229	0.0051435014691751
Master_Fvencimiento_lag6	0.00465986919928628	0.00500465666389093	0.00917054095638022
Visa_fechaalta	0.0046340696875435	0.00524461402676505	0.00654879938677909
Master_Fvencimiento	0.0045927399849988	0.0045221921005764	0.00892614131853605
cmobile_app_trx_lag6	0.00457004603039555	0.00646360516574964	0.0106313842462215
Master_fechaalta_lag6	0.00454476839337189	0.00421445515107252	0.00871506890403426
Master_fechaalta	0.00438861602041664	0.00440621319091056	0.00795409730438309
cdescubierto_preacordado_lag1	0.00437384430860588	0.00320062154481488	0.00163858848100071
ctrx_quarter_lag1	0.00431007055205774	0.00327425149211192	0.0017274610765804
Master_fechaalta_lag1	0.0043065324660879	0.0043144412609836	0.00822626962834591
cmobile_app_trx	0.00427141873429073	0.00384329085660411	0.0108424566607233
Visa_mpagospesos_lag6	0.00426237317606321	0.00537358928137706	0.00880949603683769
Visa_fechaalta_lag1	0.00422026245086168	0.00604318300033957	0.0061766453927891
Master_Fvencimiento_lag1	0.00419599035107825	0.00385355253815919	0.00818183333055607
Visa_mpagospesos_lag3	0.00417015108615212	0.00397239023178467	0.0085262146384274
thomebanking	0.00414695956060921	0.00330091551709686	0.00815406064443741
Visa_mconsumototal_lag6	0.00413408015189013	0.00357356786376048	0.00894280493020724
Master_fechaalta_lag3	0.00402491812752873	0.00436823609101302	0.007831897485461
tmobile_app	0.00385873120679307	0.00351482186967175	0.00880949603683769
Visa_mconsumospesos_lag6	0.00385096761848308	0.00349058204405316	0.00814295156998995
Visa_mconsumosdolares_lag6	0.00382748971897623	0.00367557480829068	0.00807629712330517
thomebanking_lag1	0.00377655909332219	0.00300035078521474	0.00802075175106786
Visa_Fvencimiento_lag1	0.00369562080016837	0.00371829895082346	0.00648214494009432
Visa_mconsumototal_lag3	0.00368956219159647	0.00333194219036238	0.00798742452772547
Master_delinquency	0.00367153655706917	0.00176307045335387	0.00215516044280771
Master_Fvencimiento_lag3	0.00365558435071928	0.00420602492541756	0.00732088006087773
Visa_mconsumospesos_lag3	0.00359458546789498	0.00323513985433627	0.00764304321985414
Visa_Fvencimiento_lag3	0.00359183304323524	0.0043996058573785	0.00614887270667044
Visa_Fvencimiento	0.0034301183118795	0.0036448280296173	0.00613776363222298
Visa_cconsumos_lag6	0.00339632053812888	0.00402636511794016	0.00667099920570118
Visa_mconsumototal	0.00336889012494967	0.00319544078480431	0.00606555464831448
Visa_Fvencimiento_lag6	0.00334894384025997	0.00381551690105028	0.00586003677103642
Visa_mpagominimo_lag1	0.00333818834975357	0.00450750522264637	0.00511017424583271
mactivos_margen	0.00333302891922718	0.00499479585383148	0.00305499547305216
Master_mfinanciacion_limite_lag6	0.00331276347184362	0.00401711136044304	0.00603778196219582
Visa_fechaalta_lag6	0.00324563250771403	0.00359189803268473	0.00569340065432449
internet_lag1	0.0031752179459616	0.0027799375879873	0.00522681952753106
Master_mlimitecompra	0.00317463785453093	0.00316195880072863	0.00547677370259897
thomebanking_lag3	0.00315372172172998	0.00300894339743013	0.00597668205273478
Visa_mconsumosdolares_lag3	0.00314766182399309	0.00316854326138736	0.00684874439686058
Visa_mpagominimo_lag6	0.00311395180937978	0.00421156666489823	0.00604889103664328
Visa_mconsumospesos_lag1	0.00310827466966951	0.00313187772023119	0.00620997261613149
Visa_mconsumosdolares_lag1	0.00309731320992513	0.00273924468668901	0.00644881771675193
active_quarter_lag1	0.00307141131980073	0.00153859618288664	0.00102203484916654
cmobile_app_trx_lag3	0.00306474377470797	0.00341973705878808	0.00600445473885343
Visa_cconsumos_lag3	0.00306268828390359	0.00332701476639434	0.00576005510100926
mextraccion_autoservicio_lag1	0.00305603463449991	0.00168361160903372	0.00144973421539384
Visa_msaldopesos_lag1	0.00299790372042535	0.00258571426433272	0.00432698449728661
Visa_mconsumototal_lag1	0.00293996281237691	0.00281313100529139	0.00620997261613149
Master_mlimitecompra_lag6	0.00293675069787482	0.00376315504027471	0.00536568295812434
Visa_mconsumospesos	0.00292327656079635	0.00285909193040609	0.00606000011109074
cpayroll_trx_lag1	0.00289916035298197	0.000196129468700323	2.22181488949248e-05
Visa_fechaalta_lag3	0.00289498028264027	0.00374751747467116	0.00511572878305644
cmobile_app_trx_lag1	0.00288596327843619	0.00321175337117673	0.00592113668049746
mrentabilidad	0.00287188254470137	0.00272582275453574	0.00303277732415724
Master_mlimitecompra_lag3	0.00280286499174346	0.00345741019879548	0.00493242905467331
Master_msaldopesos_lag6	0.00280069669864734	0.00304921418039312	0.00535457388367688
Visa_mpagominimo_lag3	0.00279832687850485	0.00267602124634407	0.00575450056378553
Visa_mconsumosdolares	0.00276200023351157	0.0026536329310406	0.00649325401454178
Master_mlimitecompra_lag1	0.00273229072766043	0.00314676904479204	0.00439919348119511
Master_mfinanciacion_limite	0.00272337808306147	0.00282996240480012	0.00473246571461899
Visa_mfinanciacion_limite	0.00270208052779992	0.00353992782921411	0.00344381307871335
thomebanking_lag6	0.00268606304465804	0.00284619401469682	0.00542122833036166
Master_mfinanciacion_limite_lag3	0.00263893841941482	0.00358835707340817	0.00475468386351391
Master_mpagospesos_lag6	0.00262662067167184	0.004698048832153	0.00533791027200569
Visa_msaldopesos_lag3	0.00258793761279927	0.00225448047818565	0.00479912016130376
Master_msaldototal_lag6	0.0025839464682831	0.00277575369500588	0.00495464720356824
Visa_msaldototal_lag6	0.00254060477704995	0.00296986460553419	0.00489354729410719
Master_mfinanciacion_limite_lag1	0.00252857465677225	0.00329123172790067	0.00443807524176123
Visa_msaldototal_lag1	0.00252384500913962	0.00261019615216054	0.00401037587553393
Visa_mlimitecompra	0.00251733932299041	0.00322494917625052	0.00359378558375409
mautoservicio_lag6	0.00247701712556604	0.00260947321760014	0.00504907433637167
ccajas_transacciones	0.00247108052552883	0.00339701865865385	0.00426033005060183
Visa_msaldopesos_lag6	0.00244662678998105	0.00344997185366648	0.00489910183133092
Master_mpagominimo_lag6	0.00243594738336718	0.00255395641793631	0.00482689284742242
Visa_mfinanciacion_limite_lag1	0.00242951497090147	0.0044173572667259	0.00316608621752679
mrentabilidad_annual	0.00241101934173778	0.00615633889878606	0.00298834102636739
Visa_msaldototal_lag3	0.0023226223594663	0.00209898960125974	0.00456027506068332
Visa_cconsumos_lag1	0.0022931907013213	0.00275764867754092	0.00474912932629018
ccajas_transacciones_lag1	0.00229042146093896	0.00229198754595635	0.00406036671054751
Master_msaldopesos	0.00228382691575877	0.00221656625158921	0.0036493309559914
mcuentas_saldo_lag6	0.00224747263418822	0.00374535040542586	0.00403814856165259
Visa_mlimitecompra_lag1	0.00220722952701058	0.00290910905065964	0.00334383140868619
Master_mconsumototal_lag6	0.00220674399035857	0.0028064604732515	0.0046991384912766
cliente_edad_lag1	0.00220368102240034	0.00542859095358085	0.00264951425571979
Master_mconsumospesos_lag6	0.00219999331452658	0.00334346578243142	0.00434920264618153
Visa_mfinanciacion_limite_lag6	0.00219122125303655	0.0042298658307809	0.00341048585537096
mprestamos_personales_lag3	0.00219074056840063	0.00432154453477864	0.00213849683113651
cliente_edad	0.00217964676328004	0.00460631115733492	0.00276615953741814
mrentabilidad_annual_lag1	0.00214063937514049	0.00488282067261873	0.00253842351124516
mcuenta_debitos_automaticos_lag6	0.00211683110304318	0.00330865576247338	0.00354379474874051
mpasivos_margen	0.00211254217832774	0.00208745733701124	0.00162192486932951
Master_cconsumos_lag6	0.00207576727446721	0.00295011230758043	0.0045213933001172
tcallcenter	0.0020734533464247	0.00202785507360288	0.00208850599612293
mcuenta_corriente_lag3	0.00205295872261198	0.00397851560894313	0.00273283231407575
Master_msaldopesos_lag3	0.00204814590553301	0.00247220042167894	0.00428810273672049
tmobile_app_lag1	0.0020464898746076	0.00244519525483442	0.00422700282725945
ccajas_transacciones_lag6	0.00204608083859349	0.00222587518582815	0.00408813939666617
Visa_mlimitecompra_lag6	0.00203749026432731	0.00308971846178812	0.00326051335033022
mextraccion_autoservicio_lag6	0.00201234766182375	0.00234017841361746	0.00343270400426588
Master_msaldototal	0.00200999435695232	0.00293870286307356	0.00373264901434737
Master_msaldototal_lag3	0.00200909615203922	0.00239366679050514	0.00408258485944244
tmobile_app_lag3	0.00199828567897135	0.00218656939963479	0.00428254819949676
mcuentas_saldo_lag3	0.00198482769831572	0.00287942071148959	0.00314942260585559
Master_fultimo_cierre	0.00198470215131055	0.00240628296878414	0.00360489465820155
Visa_cconsumos	0.00195360396196959	0.00211588571690771	0.00410480300833736
mrentabilidad_lag1	0.00194126391493322	0.00295331125777946	0.00306055001027589
Master_mpagominimo_lag3	0.00191969043773985	0.0021477920743774	0.00406592124777124
ccajas_transacciones_lag3	0.00191408509522755	0.00211331745096005	0.00379930346103214
ccaja_seguridad	0.00190265111981263	0.00626785499649853	0.000411035754556109
Master_msaldototal_lag1	0.00190159565516876	0.00251035432563526	0.00347714030205573
Visa_mlimitecompra_lag3	0.00189499287063132	0.00242422484087298	0.00287169574466903
Master_mpagospesos	0.00188701047873146	0.00351579315377149	0.00247176906456039
ctrx_quarter_lag6	0.00188478175293696	0.00323053947993619	0.00306610454749963
mrentabilidad_lag6	0.0018731615787923	0.00281092794650132	0.00353824021151678
Master_mpagominimo	0.00186795167625794	0.00195181729567823	0.00358823104653036
mactivos_margen_lag1	0.00185683087274874	0.00345631251768009	0.0025273144367977
mtransferencias_recibidas_lag6	0.00184119449187757	0.00262613843646994	0.0036659945676626
Master_mpagospesos_lag3	0.00183315642228054	0.00311950663942423	0.0037382035515711
mrentabilidad_annual_lag6	0.00182295561582167	0.0027478871639363	0.00316608621752679
Visa_Finiciomora_lag1	0.0018172661445669	0.00397603070432055	0.000899835030244455
Master_mconsumosdolares_lag6	0.00181337879267877	0.00196331942410311	0.00451028422566974
Master_mpagominimo_lag1	0.00179411937578174	0.00188067095217685	0.00377708531213722
numero_de_cliente	0.00175813464640809	0.00284064728871295	0.00265506879294352
mtransferencias_emitidas_lag6	0.00175343263303419	0.0025037727918371	0.00298834102636739
Master_msaldopesos_lag1	0.0017493408870678	0.00182191281703687	0.00331605872256753
mpayroll_lag6	0.0017161452492901	0.00367150116039068	0.0029716774146962
Master_mconsumospesos_lag3	0.00171357712839748	0.00229504893370867	0.00344381307871335
mcomisiones_otras_lag1	0.00170637694810026	0.0026159274871647	0.00232179655951964
Visa_mfinanciacion_limite_lag3	0.00168920330847876	0.00330980016495563	0.00292168657968261
Master_fultimo_cierre_lag6	0.00168872149613359	0.00283961529935698	0.00285503213299784
Master_mpagosdolares_lag6	0.00167386657811839	0.0017359612203558	0.00431587542283915
ccaja_ahorro	0.00166503907111447	0.00568705810789632	0.000377708531213722
numero_de_cliente_lag6	0.0016564696583712	0.00210388894904677	0.00248843267623158
mautoservicio_lag3	0.00163917284765285	0.0029291313786014	0.00333272233423872
ctrx_quarter_lag3	0.00162727976495276	0.00263956275347256	0.00238289646898069
mcaja_ahorro_dolares_lag6	0.00161685595824293	0.0026264912857718	0.0028661412074453
Master_mconsumototal_lag3	0.00161644270451987	0.00215016142220865	0.00341604039259469
mcuenta_debitos_automaticos	0.00161152705212499	0.00441965344304294	0.00135530708259041
Master_fultimo_cierre_lag1	0.00158583650721425	0.00193108309020489	0.00274394138852322
mcaja_ahorro_lag6	0.00155522266993265	0.00265349168291761	0.00276060500019441
Master_fultimo_cierre_lag3	0.0015469714197311	0.0017139741017547	0.00296056834024873
active_quarter	0.00153237683068913	0.0014722820861837	0.00121644365199713
numero_de_cliente_lag1	0.00152116648206283	0.00234863693225792	0.0026161870323774
mcomisiones_lag1	0.0015159565047803	0.00257856307674615	0.00231624202229591
Master_cconsumos_lag3	0.00150880435808127	0.00165322591823268	0.00302166824970978
matm	0.00148941378975837	0.000687849415545625	0.000705426227413863
mpagomiscuentas_lag6	0.00148274431561917	0.0026230564522914	0.00271616870240456
mrentabilidad_lag3	0.00147335704882392	0.00239203880561564	0.00246065999011292
mpagomiscuentas	0.0014378521143479	0.00292588635744898	0.00139418884315653
mtarjeta_visa_consumo_lag6	0.00143099858405523	0.00179535535145707	0.00283836852132665
mcomisiones_otras	0.00142175240303689	0.00217262973836765	0.00227736026172979
mactivos_margen_lag6	0.00140686308909037	0.00228169919744942	0.00253286897402143
mcaja_ahorro_lag3	0.00140183405910267	0.00165694194713213	0.00243288730399427
numero_de_cliente_lag3	0.00139456512066743	0.00211592203165921	0.00233290563396711
mrentabilidad_annual_lag3	0.00139261378753682	0.00192108038160899	0.00208850599612293
cliente_edad_lag3	0.00139096404977038	0.00470368835045711	0.00213294229391278
cliente_antiguedad_lag1	0.00138900839407224	0.00323249234634877	0.00231624202229591
Visa_fultimo_cierre	0.00138323168966662	0.00217640300365155	0.00203851516110935
mcomisiones	0.00135249880886702	0.00237660601184964	0.00227180572450606
mpasivos_margen_lag1	0.00134851415457052	0.00136097086871101	0.00191631534218727
mcomisiones_otras_lag6	0.00134443636078531	0.00303634314844018	0.00237734193175696
Visa_mpagosdolares_lag6	0.00134054345602419	0.00239859356405972	0.00233290563396711
Master_mconsumototal_lag1	0.0013210874620084	0.00160109246098369	0.00253842351124516
mtransferencias_emitidas_lag1	0.00131422666953931	0.00250474364232786	0.00174967922547533
cliente_antiguedad_lag3	0.00129130673588901	0.00192696835785468	0.0019052062677398
cliente_antiguedad_lag6	0.00129101770869124	0.00391587580627598	0.00224403303838741
Master_mpagospesos_lag1	0.00128978619313269	0.00219354183192221	0.00248287813900785
mcomisiones_lag6	0.00125351997848837	0.0021631241624594	0.00221070581504502
cliente_edad_lag6	0.00125087389768962	0.00330532174307923	0.00183855182105503
mcaja_ahorro_dolares_lag1	0.00124439177312549	0.00300711248354123	0.00183855182105503
ctarjeta_visa_transacciones_lag6	0.00124065316328684	0.00194012622214333	0.00221070581504502
Master_mconsumototal	0.00123654981447057	0.00181493420582159	0.00225514211283487
mtransferencias_emitidas_lag3	0.00122938438996687	0.00214063633389661	0.00210516960779413
mpasivos_margen_lag6	0.00122247637871612	0.00243820623700378	0.00218293312892636
mplazo_fijo_dolares	0.00121148759714613	0.0051719199160342	0.000516571961807002
mtarjeta_visa_consumo_lag3	0.00121041327040923	0.00139328492701766	0.00245510545288919
mcuenta_corriente_lag6	0.00121020958187451	0.00297421446235007	0.00213849683113651
cliente_antiguedad	0.00120797332701362	0.00328273873734685	0.00209406053334666
matm_lag6	0.00119467767949399	0.00222711606630691	0.001921869879411
Master_madelantodolares_lag6	0.00119411367463057	0.000744460644257554	0.0033993767809235
Visa_mpagosdolares	0.00118125391050809	0.00111591491472673	0.00239956008065188
Visa_mpagosdolares_lag3	0.00116619796275744	0.00132593092759499	0.00214405136836025
mcuenta_debitos_automaticos_lag1	0.00116205358370622	0.00218953398418386	0.00136641615703788
Visa_mpagosdolares_lag1	0.00115456242264728	0.00200952598870107	0.00235512378286203
mcomisiones_lag3	0.0011459903890843	0.00175606463317553	0.00171635200213294
Master_mconsumospesos_lag1	0.00114226271975071	0.00152741882758261	0.00232179655951964
mactivos_margen_lag3	0.00113074152595009	0.00211710068925033	0.00195519710275338
mautoservicio_lag1	0.00112826542584248	0.00343745432142885	0.00202740608666189
Visa_fultimo_cierre_lag1	0.00111337636277435	0.0020009677399968	0.00160526125765832
Master_madelantopesos_lag6	0.0011115714918155	0.000783797433492488	0.00318274982919798
mextraccion_autoservicio_lag3	0.00111039960273627	0.00198378208195704	0.00208850599612293
mcaja_ahorro_dolares_lag3	0.00108973078784945	0.00192630688736622	0.00203851516110935
cproductos	0.0010765687620072	0.00253840264726681	0.000266617786739098
mtarjeta_master_consumo	0.00106638825589085	0.002521761927304	0.000810962434664756
tcallcenter_lag6	0.00105246850233592	0.00190759579295911	0.00171635200213294
Master_cadelantosefectivo_lag6	0.00104013613801677	0.000727528755869307	0.00275505046297068
mtransferencias_recibidas	0.00103627041472084	0.00206824368980431	0.00105536207250893
mtransferencias_emitidas	0.00103319206905143	0.00185099898174553	0.00162192486932951
Master_mpagosdolares_lag3	0.00103241266244599	0.00138218475411085	0.00253286897402143
mcomisiones_otras_lag3	0.000990912467609762	0.00184353483688263	0.00162747940655324
Master_mconsumosdolares_lag3	0.000990210500989079	0.000990112593775362	0.00254397804846889
Master_mconsumospesos	0.00099003123430271	0.00142969149521464	0.00221626035226875
mttarjeta_visa_debitos_automaticos_lag6	0.000977289281334467	0.00257850497314375	0.00156082495986847
mcuenta_debitos_automaticos_lag3	0.000966560690433931	0.0022548245469058	0.00164969755544817
ctarjeta_debito_transacciones_lag6	0.000951983249503611	0.00196689702333789	0.00168302477879055
mpayroll_lag3	0.000942317104389142	0.00304982220857565	0.00148861597595996
cpayroll_trx	0.000918499316753739	0.00184558905939268	0.000122199818922087
mprestamos_personales_lag6	0.000904350246820838	0.00252937013874822	0.00144973421539384
mpasivos_margen_lag3	0.000898904415410908	0.00159007792584906	0.00178300644881772
Master_cconsumos_lag1	0.000878689102946273	0.00157345997035734	0.00173301561380414
Visa_fultimo_cierre_lag3	0.000873764547061424	0.00149799900076915	0.00133864347091922
tcallcenter_lag1	0.000864943876171754	0.00145238409561498	0.00168302477879055
Master_mconsumosdolares_lag1	0.000862021417100426	0.00147661459864065	0.0019052062677398
Visa_msaldodolares_lag1	0.000861990431241541	0.00117489906854394	0.00104425299806147
mcheques_emitidos_rechazados	0.000854471603372942	0.00333420855606251	0.000311054084528947
mpagomiscuentas_lag3	0.000838620797271319	0.00150633166440517	0.00151083412485489
Master_Finiciomora	0.000831458160413424	0.00183843765500162	0.000449917515122228
Master_madelantodolares_lag3	0.000815180003269063	0.00050234217426152	0.00200518793776697
ctarjeta_visa_transacciones_lag1	0.000807049658648147	0.000779909587037452	0.000705426227413863
Master_mpagado_lag3	0.000779488536095524	0.00386349779356616	0.00119978004032594
Master_cconsumos	0.000774324325014022	0.00103740610766664	0.00153305227374981
Visa_mpagado	0.000772066524887875	0.00352979319508814	0.00096648947692923
chomebanking_transacciones_lag6	0.000758563694188969	0.00168272748033757	0.00110535290752251
Visa_status_lag1	0.000756552551160425	0.00179550928264252	0.000816516971888487
Master_cadelantosefectivo_lag3	0.000755041535673075	0.000514883880199397	0.00181077913493637
tcallcenter_lag3	0.000750945155146411	0.00125586806451514	0.00128865263590564
ctarjeta_visa_transacciones_lag3	0.000742899049024961	0.00133183050288072	0.00127754356145818
Visa_msaldodolares_lag6	0.000737581142199235	0.00252361874932905	0.00118311642865475
mcaja_ahorro_dolares	0.000737503420388289	0.00383925688392514	0.00166080662989563
Visa_msaldodolares_lag3	0.000734944782255377	0.00152934090775811	0.00103869846083774
Master_mpagosdolares_lag1	0.000721074163469188	0.000606602042613692	0.00139418884315653
foto_mes_lag3	0.00071849160088437	0.000564583056673419	0.000994262163047886
mtransferencias_recibidas_lag3	0.000718410778257812	0.00154824647578966	0.00136641615703788
Visa_cadelantosefectivo	0.000712963135361994	0.000502741202919013	0.00137752523148534
ctarjeta_debito_transacciones	0.000709059052363622	0.00202583348016806	0.000411035754556109
Visa_madelantopesos	0.000704015327565423	0.000542654258479194	0.00151638866207862
Master_madelantopesos_lag3	0.000701600257762952	0.000504321165614737	0.0019052062677398
Visa_madelantodolares_lag1	0.000701318572519256	0.000835741512022481	0.00123866180089206
Master_mconsumosdolares	0.00069265470412407	0.000734150398497481	0.00158304310876339
Visa_fultimo_cierre_lag6	0.00067965791838231	0.00228829276389659	0.00114423466808863
Master_mpagado_lag6	0.000669235258629313	0.00237077527198839	0.00123866180089206
mcheques_emitidos_rechazados_lag1	0.000668183668436082	0.00261082011547283	0.000211072414501786
mtarjeta_master_consumo_lag6	0.000659007782279073	0.000963222441710953	0.00106091660973266
foto_mes_lag1	0.000655484016072604	0.00459572285982085	0.000549899185149389
matm_lag1	0.000645946240566217	0.0011311645087016	0.00100537123749535
Visa_madelantodolares_lag3	0.000640931715286959	0.000401867278635516	0.0010498075352852
Visa_madelantopesos_lag1	0.000638218072890017	0.000523442996121615	0.00131087078480056
chomebanking_transacciones_lag1	0.000628083411740401	0.00276551412750843	0.000933162253586842
matm_lag3	0.000627481416171797	0.00131539910764967	0.00119978004032594
cdescubierto_preacordado_lag3	0.000627368179265288	0.00133503823366145	0.000722089839085057
Visa_delinquency_lag3	0.000626013375125133	0.0014106980129638	0.000705426227413863
mpagomiscuentas_lag1	0.000622501646217957	0.00131599803004376	0.00114978920531236
Visa_madelantodolares	0.000619922542164034	0.000373549794233913	0.00134975254536668
mtransferencias_recibidas_lag1	0.000617807551857893	0.0031360222631983	0.000749862525203713
Master_status_lag1	0.00061529651255855	0.00093424847332408	0.00092205317913938
mcomisiones_mantenimiento	0.000612946547441715	0.00484616488766446	0.000610999094610433
Visa_cadelantosefectivo_lag1	0.000612562214599957	0.000637225025925256	0.0012108891147734
Visa_msaldodolares	0.000611373854003985	0.000956870178657315	0.000888725955796993
Master_mpagosdolares	0.000597321900641437	0.000399676360896697	0.00118311642865475
Visa_madelantopesos_lag3	0.000586794319823482	0.00048452496475245	0.00113312559364117
Visa_mpagado_lag6	0.000577403437865979	0.00191358826896732	0.00101648031194281
Master_msaldodolares_lag6	0.000577020661523347	0.0017407257157522	0.000938716790810574
Visa_mpagado_lag3	0.000566501196110674	0.00186373375207868	0.000905389567468186
Master_madelantopesos	0.000551443730802836	0.000466798271116514	0.00119422550310221
Master_msaldodolares_lag1	0.000546010858166727	0.000888908476258852	0.000838735120783412
Visa_cadelantosefectivo_lag3	0.000526069997573121	0.000545859387606088	0.00107202568418012
mttarjeta_visa_debitos_automaticos_lag3	0.000522150636355357	0.00144047491676661	0.000916498641915649
mttarjeta_visa_debitos_automaticos	0.000486254528313903	0.00141126473989164	0.000760971599651175
matm_other_lag6	0.000481319118267954	0.0017794997889423	0.000749862525203713
Master_mpagado_lag1	0.000479282799829859	0.000516495496350157	0.00073875345075625
chomebanking_transacciones_lag3	0.000474696087332092	0.00121408799711904	0.00073875345075625
Master_madelantodolares	0.00047219765384157	0.000353100578258141	0.00101648031194281
mttarjeta_visa_debitos_automaticos_lag1	0.000471012410221785	0.00225215232320684	0.000727644376308788
foto_mes_lag6	0.000470237005809253	0.000579153727398663	0.00092205317913938
Master_msaldodolares_lag3	0.000466442952166964	0.00060449546182014	0.000794298822993562
mtarjeta_master_consumo_lag3	0.000463695395742144	0.000892025907970938	0.000810962434664756
Master_madelantopesos_lag1	0.000458074369930532	0.000299525262771355	0.00111646198196997
mttarjeta_master_debitos_automaticos_lag6	0.000443790387955004	0.00295758230616447	0.000688762615742669
Master_delinquency_lag6	0.000443715287810389	0.00119160385423252	0.000794298822993562
Master_madelantodolares_lag1	0.000435110032457804	0.000345786028490956	0.00124977087533952
Master_delinquency_lag3	0.000403906089504272	0.000534011022416195	0.000727644376308788
mprestamos_prendarios	0.00039780999773218	0.00370904215806353	0.000299945010081485
Master_msaldodolares	0.000397505790763158	0.00049939742732297	0.000622108169057895
ccaja_seguridad_lag1	0.000386434898413142	0.000592905202371483	3.88817605661184e-05
matm_other_lag3	0.000383380322315692	0.00203863567669652	0.000616553631834164
mtarjeta_master_consumo_lag1	0.000381606249039466	0.000951248763527834	0.000660989929624013
Master_status_lag3	0.000368607080835106	0.00117578308883784	0.000722089839085057
Master_cadelantosefectivo_lag1	0.000350327748675762	0.000339848837626816	0.00107202568418012
minversion2	0.000335597101311551	0.00327179108639632	0.000238845100620442
chomebanking_transacciones	0.000334362214106815	0.00186995539042917	0.000544344647925658
matm_other_lag1	0.000331740199836054	0.000990449724751945	0.000399926680108647
ctarjeta_debito_transacciones_lag3	0.000323002506354309	0.00119558926270651	0.000605444557386701
Master_status_lag6	0.000314546338327579	0.000848989892184264	0.000561008259596852
Visa_madelantopesos_lag6	0.000308959713067443	0.000563676271908429	0.000672099004071476
ctarjeta_debito_transacciones_lag1	0.000307807985576818	0.000490080688122507	0.000455472052345959
mcheques_emitidos_rechazados_lag3	0.000304889786330517	0.00256899094186053	0.000172190653935667
active_quarter_lag3	0.000295476102108639	0.00100465605553754	0.000499908350135809
Master_cadelantosefectivo	0.000295240705842496	0.000265711025820036	0.000844289658007143
Master_mpagado	0.000278308212098172	0.000270338825987664	0.000577671871268045
cprestamos_hipotecarios	0.000276661099014591	0.00187145047416841	0.000133308893369549
mcomisiones_mantenimiento_lag3	0.000276389185961946	0.00160966848765586	0.000449917515122228
Visa_madelantodolares_lag6	0.000275868194398552	0.000402211780964643	0.000594335482939239
mplazo_fijo_dolares_lag6	0.000271237537904009	0.00138933648370863	0.000377708531213722
Master_Finiciomora_lag1	0.000268129968847361	0.00111568390954631	0.000249954175067904
mcomisiones_mantenimiento_lag1	0.000267054505163737	0.000689926510929006	0.000222181488949248
mcheques_depositados	0.000265423263121655	0.00200393882868046	0.000216626951725517
Visa_cadelantosefectivo_lag6	0.00025773508095019	0.00035256192751131	0.000483244738464615
ctarjeta_visa	0.000251981594207629	0.000297520146477508	0.000161081579488205
Visa_status_lag3	0.000248879440904813	0.00103105980673638	0.000422144829003572
Visa_delinquency_lag6	0.000244621246186024	0.000828919108439762	0.000388817605661184
matm_other	0.000236043772732707	0.00142546261530226	0.000333272233423872
mforex_sell_lag6	0.000207076034408274	0.000608574313027827	0.000255508712291635
minversion1_pesos	0.00020574835351409	0.00187707947745493	0.000127754356145818
mcheques_emitidos	0.000203185918918013	0.00242761880670766	0.000294390472857754
mcheques_emitidos_lag1	0.000202444353510673	0.000681238613141778	0.000177745191159399
mpagodeservicios	0.000195661937605024	0.00171518246156048	0.000155527042264474
mttarjeta_master_debitos_automaticos_lag1	0.000193466459206802	0.000948764075709741	0.000349935845095066
Visa_Finiciomora_lag3	0.000192851777495483	0.00242009547421993	0.000305499547305216
cprestamos_personales	0.000190521417852814	0.00231730759992918	0.00018329972838313
foto_mes	0.000175662672856451	0.000340365807924992	0.000361044919542528
ccomisiones_otras_lag6	0.000175277657115886	0.00207620843622665	0.000283281398410291
ccajas_depositos	0.000173294485867225	0.00266382241670167	0.000177745191159399
cplazo_fijo	0.000170486076752043	0.00143991263433074	9.44271328034305e-05
Visa_status_lag6	0.000164574941161514	0.000975331297491435	0.000249954175067904
mttarjeta_master_debitos_automaticos_lag3	0.000163279014810102	0.000936663024890774	0.000249954175067904
mcheques_depositados_lag1	0.000161230701290291	0.00152158928014604	0.000144417967817011
ctarjeta_master_transacciones_lag3	0.000148007290024654	0.000719872522231321	0.00018329972838313
tcuentas_lag3	0.000143302235170878	0.00188477039981076	0.000222181488949248
cdescubierto_preacordado_lag6	0.000142519726863112	0.000565766483963246	0.000288835935634023
mplazo_fijo_dolares_lag3	0.000141649488005717	0.00075496926612282	0.000233290563396711
mcomisiones_mantenimiento_lag6	0.000136632865859126	0.000836984018534892	0.000249954175067904
mcheques_depositados_lag6	0.00013632332317849	0.00182502775549736	0.000227736026172979
minversion1_pesos_lag1	0.000136050163932992	0.0011506856930727	8.33180583559681e-05
mforex_sell_lag3	0.000135933454645235	0.00128466154316696	0.000222181488949248
mprestamos_prendarios_lag1	0.000132325906320015	0.00111844231302867	0.000116645281698355
cprestamos_prendarios	0.000132150710072293	0.000795166118755893	9.44271328034305e-05
cseguro_accidentes_personales_lag1	0.000125033835821592	0.00124017705660565	0.000216626951725517
cseguro_accidentes_personales	0.000124888084362589	0.000406999474441101	0.000166636116711936
cpagomiscuentas	0.000124588842247613	0.0020992425036933	0.000149972505040743
ctarjeta_master_transacciones	0.000115380630121032	0.00179222035858158	0.000144417967817011
ctarjeta_visa_lag1	0.000102226731255531	0.000837789230397935	0.000127754356145818
mplazo_fijo_dolares_lag1	9.82590254298907e-05	0.000566446924844279	0.000105536207250893
ctarjeta_master_transacciones_lag1	9.48030000253296e-05	0.000395963692466792	0.000105536207250893
ctarjeta_visa_descuentos	9.24062047981956e-05	0.00118581040474297	7.77635211322369e-05
minversion1_pesos_lag6	9.18276586558346e-05	0.00159061961185871	0.000155527042264474
mcheques_emitidos_lag3	9.17724521643998e-05	0.000998074630141625	0.00013886343059328
cextraccion_autoservicio_lag6	8.89379995032577e-05	0.000709021782886282	0.000149972505040743
mttarjeta_master_debitos_automaticos	8.82414078231537e-05	0.000440318421542899	0.000194408802830592
mforex_buy_lag6	8.69739096750483e-05	0.00134577905313181	0.000177745191159399
ccomisiones_otras	8.62479796572703e-05	0.00132608886966344	0.000122199818922087
ctarjeta_master_transacciones_lag6	8.61573953747459e-05	0.000412488855638274	0.000122199818922087
cinversion1	8.58781362600063e-05	0.00109987777845447	7.22089839085057e-05
mcheques_depositados_lag3	8.45505921664154e-05	0.00174981307580589	0.00018329972838313
ccajas_depositos_lag1	8.13987759028003e-05	0.00134971654781426	8.88725955796993e-05
cprestamos_personales_lag1	7.92839696808379e-05	0.0012651131498328	9.44271328034305e-05
mpagodeservicios_lag6	7.76874570575792e-05	0.00191359271345929	0.000155527042264474
mforex_buy	7.56560915455429e-05	0.00146517783676847	0.000122199818922087
minversion2_lag1	7.51656115168145e-05	0.00132843610343706	0.000105536207250893
ccomisiones_otras_lag3	7.39446018830558e-05	0.00090578507950303	0.00013886343059328
active_quarter_lag6	7.26726232493817e-05	0.000857406133949846	0.000155527042264474
ccaja_ahorro_lag1	7.25033359089843e-05	1.03632544570344e-05	1.66636116711936e-05
Visa_Finiciomora_lag6	7.07059151137141e-05	0.00123886690709344	0.00013886343059328
cextraccion_autoservicio	6.98101699820449e-05	0.000215605340933734	3.88817605661184e-05
mforex_buy_lag3	6.93347336936215e-05	0.00184560250127085	0.000149972505040743
cextraccion_autoservicio_lag3	6.76949419804333e-05	0.000850159769193681	0.000116645281698355
mpagodeservicios_lag1	6.41082148740927e-05	0.00040695080183387	5.55453722373121e-05
ccajas_consultas	5.98044664893676e-05	0.00135321317057332	8.88725955796993e-05
clase_ternaria_lag3	5.78411924744219e-05	0.000850157817953302	7.77635211322369e-05
ccajas_otras	5.52969227481318e-05	0.00223965452017749	0.000149972505040743
cseguro_vida	5.44124717829273e-05	0.000843346688203884	7.77635211322369e-05
ccallcenter_transacciones_lag1	5.18466682726367e-05	0.00113162781988936	8.88725955796993e-05
mcheques_emitidos_lag6	5.12976011942406e-05	0.000594096109416096	9.44271328034305e-05
cprestamos_personales_lag6	4.93539237311631e-05	0.00154662792189533	0.000111090744474624
mforex_sell	4.91869661690356e-05	0.00059705028734981	9.99816700271617e-05
mprestamos_hipotecarios	4.8553171706965e-05	0.000254002824730696	1.66636116711936e-05
mforex_buy_lag1	4.43103691840774e-05	0.00120525191346526	9.99816700271617e-05
mprestamos_hipotecarios_lag6	4.23395667450599e-05	0.00145672701468728	0.000105536207250893
minversion1_pesos_lag3	4.1091079953679e-05	0.00127838678771727	0.000122199818922087
ctarjeta_master	4.10008683463109e-05	0.000107719200739546	7.22089839085057e-05
cprestamos_hipotecarios_lag1	3.96720112065616e-05	0.000254102229587778	1.66636116711936e-05
ctarjeta_visa_descuentos_lag1	3.87447507048248e-05	0.00109828133861777	7.22089839085057e-05
ctarjeta_debito	3.76651860308574e-05	0.00121545928549647	8.33180583559681e-05
cseguro_vida_lag1	3.69337272330835e-05	0.000536023510062584	6.10999094610433e-05
ccheques_emitidos_rechazados	3.65961435581408e-05	0.000159595527867492	1.11090744474624e-05
ccheques_emitidos	3.6519715342424e-05	0.000761858120280666	5.55453722373121e-05
minversion1_dolares_lag6	3.61083159039443e-05	0.00126772445147104	8.33180583559681e-05
minversion2_lag6	3.56038559325181e-05	0.00118382588487534	0.000105536207250893
Master_Finiciomora_lag3	3.36492550485517e-05	0.000954952759778278	8.33180583559681e-05
cseguro_vivienda	3.27544425695633e-05	0.00143991263433074	9.44271328034305e-05
cproductos_lag6	3.13730342405502e-05	0.00067472212068958	7.22089839085057e-05
ccaja_seguridad_lag3	2.98375336836963e-05	8.44128268377893e-05	5.55453722373121e-06
ccallcenter_transacciones	2.83320377685718e-05	0.000942245632017164	6.66544466847745e-05
mpagodeservicios_lag3	2.71208447750291e-05	0.000131007796673405	4.44362977898496e-05
ccomisiones_mantenimiento	2.68795138243014e-05	0.00103484250301544	7.22089839085057e-05
ctarjeta_master_descuentos	2.55431956627179e-05	0.000423503715979631	2.7772686118656e-05
cseguro_auto_lag6	2.55159181168559e-05	0.00151333260648256	9.99816700271617e-05
catm_trx_lag3	2.55139248603561e-05	8.34156346019079e-05	2.7772686118656e-05
mprestamos_prendarios_lag6	2.54356889938078e-05	0.000910557163056456	8.33180583559681e-05
mtarjeta_visa_descuentos_lag6	2.52430749898488e-05	0.000870511314748264	6.66544466847745e-05
cpagomiscuentas_lag1	2.41944204630922e-05	0.000842483914749663	5.55453722373121e-05
ccheques_emitidos_rechazados_lag6	2.40286212051293e-05	0.000675362127533872	4.44362977898496e-05
cpagodeservicios_lag3	2.1651592066785e-05	0.000721132806711629	4.99908350135809e-05
mcaja_ahorro_adicional_lag1	2.14495744526104e-05	6.7905766840934e-05	1.66636116711936e-05
internet_lag6	2.13352887998356e-05	7.43375971411351e-05	8.33180583559681e-05
cpagomiscuentas_lag6	2.11454574857655e-05	0.000312964647685787	4.99908350135809e-05
ctarjeta_visa_lag6	1.93584646749954e-05	0.00043817520079112	4.44362977898496e-05
mcaja_ahorro_adicional	1.87270720510401e-05	4.09094889803595e-05	1.11090744474624e-05
catm_trx_lag6	1.86072815072897e-05	0.000221094722130908	4.44362977898496e-05
cprestamos_personales_lag3	1.83858259660591e-05	0.000444190007661445	3.33272233423872e-05
mprestamos_hipotecarios_lag1	1.78421784800261e-05	8.47007431959261e-05	5.55453722373121e-06
ccomisiones_otras_lag1	1.77431158543318e-05	0.000482891126141818	4.99908350135809e-05
mcheques_emitidos_rechazados_lag6	1.75409280045944e-05	0.000568199355509054	3.88817605661184e-05
mprestamos_prendarios_lag3	1.74786793433355e-05	0.000266987895843565	3.33272233423872e-05
mtarjeta_visa_descuentos	1.7414447206553e-05	0.000580147017153787	4.44362977898496e-05
ccallcenter_transacciones_lag3	1.68597542703084e-05	0.000242482267924464	2.7772686118656e-05
ctransferencias_recibidas_lag6	1.67417133236359e-05	0.000681694010965774	4.99908350135809e-05
ccheques_emitidos_lag3	1.64097243671072e-05	0.000233801849892021	2.22181488949248e-05
catm_trx	1.49201258652486e-05	0.000484895592022205	3.33272233423872e-05
cplazo_fijo_lag6	1.43298876636476e-05	0.000149256447110708	1.11090744474624e-05
mforex_sell_lag1	1.39840666933697e-05	0.000406244994827911	5.55453722373121e-05
mprestamos_hipotecarios_lag3	1.35114930871017e-05	0.000742042515416832	4.99908350135809e-05
cproductos_lag1	1.28117026285411e-05	0.000131552301141373	2.7772686118656e-05
ctransferencias_emitidas_lag6	1.23729828607454e-05	9.90309777455878e-05	1.66636116711936e-05
ctarjeta_master_debitos_automaticos_lag6	1.22446841318669e-05	1.31792195305739e-05	1.66636116711936e-05
mcaja_ahorro_adicional_lag3	1.22126998072374e-05	7.0408232626924e-05	1.66636116711936e-05
ccheques_depositados	1.18867866334646e-05	6.8689081450835e-05	5.55453722373121e-06
ccomisiones_mantenimiento_lag3	1.1843622786058e-05	0.000762306688763335	4.99908350135809e-05
minversion2_lag3	1.11859383656496e-05	0.000305864625958043	3.33272233423872e-05
ctransferencias_emitidas_lag3	1.10365911754969e-05	0.000135009465483881	1.66636116711936e-05
mcajeros_propios_descuentos_lag6	1.0868388725016e-05	0.000560367618639207	3.88817605661184e-05
mtarjeta_master_descuentos_lag3	1.06270002195642e-05	0.000664652853116306	4.44362977898496e-05
ccheques_emitidos_rechazados_lag3	1.05389526698253e-05	8.11658544449906e-05	5.55453722373121e-06
ccheques_emitidos_rechazados_lag1	1.03055133700359e-05	8.47007431959261e-05	5.55453722373121e-06
cproductos_lag3	8.64854519795994e-06	3.27107021147854e-05	5.55453722373121e-06
mcaja_ahorro_adicional_lag6	8.54441586022597e-06	0.000541863355712264	4.44362977898496e-05
ctransferencias_recibidas_lag1	8.35548412767538e-06	0.000508072533645492	3.33272233423872e-05
Master_Finiciomora_lag6	8.34975906278204e-06	0.000292853104697814	2.7772686118656e-05
ctarjeta_master_lag1	8.13777185588027e-06	4.87502232363982e-05	1.66636116711936e-05
catm_trx_lag1	6.69753952140592e-06	0.000326978022478358	2.22181488949248e-05
ctarjeta_visa_debitos_automaticos_lag3	6.0758353203793e-06	2.02562599827443e-05	1.11090744474624e-05
ctarjeta_debito_lag1	5.53991673516263e-06	2.95693135069361e-05	1.11090744474624e-05
ctransferencias_recibidas_lag3	5.51930708707445e-06	0.000305557956011819	2.22181488949248e-05
cpayroll_trx_lag3	5.46884057649661e-06	9.11640101466767e-05	1.11090744474624e-05
ctarjeta_debito_lag3	5.40863048360701e-06	0.000137407214702867	1.11090744474624e-05
cplazo_fijo_lag3	5.17291634166147e-06	0.000254102229587778	1.66636116711936e-05
ccajeros_propios_descuentos_lag6	4.6382866495802e-06	0.000422555738362196	2.7772686118656e-05
ctarjeta_visa_debitos_automaticos_lag6	4.30808368600694e-06	0.000332401386709377	2.22181488949248e-05
ccomisiones_mantenimiento_lag1	4.26802872522763e-06	0.000254193612678859	2.22181488949248e-05
internet_lag3	4.23565216348939e-06	3.97447068763759e-05	5.55453722373121e-06
cseguro_vida_lag6	4.06053715775401e-06	0.000116944014837712	1.11090744474624e-05
ccheques_depositados_lag6	3.89762548351366e-06	0.000165998956779955	1.11090744474624e-05
cextraccion_autoservicio_lag1	3.65760591551309e-06	8.9265995269185e-06	1.11090744474624e-05
ctarjeta_visa_lag3	3.51059584638564e-06	0.000171304162565805	1.66636116711936e-05
cforex_lag3	2.94095658037502e-06	0.00016895248430021	1.11090744474624e-05
cinversion1_lag1	2.90296633710562e-06	8.47007431959261e-05	5.55453722373121e-06
mtarjeta_visa_descuentos_lag1	2.75428884440824e-06	2.08877030498178e-05	5.55453722373121e-06
cseguro_auto_lag1	2.73455549194719e-06	0.000254102229587778	1.66636116711936e-05
ccajas_depositos_lag3	2.72172138729003e-06	0.000254102229587778	1.66636116711936e-05
ctransferencias_recibidas	2.62075636171547e-06	0.000246745402945717	1.66636116711936e-05
cprestamos_prendarios_lag1	2.23759732969158e-06	0.000254102229587778	1.66636116711936e-05
tcuentas_lag6	2.1851695004956e-06	4.08281872979037e-05	5.55453722373121e-06
ccuenta_debitos_automaticos_lag6	1.97047813644453e-06	4.92777085521715e-05	5.55453722373121e-06
cforex_lag1	1.85689824646273e-06	8.18724202666533e-05	5.55453722373121e-06
cforex_buy	1.81821934262076e-06	0.000169401486391852	1.11090744474624e-05
cpayroll_trx_lag6	1.80321146589538e-06	0.000169401486391852	1.11090744474624e-05
ccaja_seguridad_lag6	1.69537201091245e-06	4.75826226740894e-05	5.55453722373121e-06
catm_trx_other_lag1	1.60375101144305e-06	4.35271863509501e-05	5.55453722373121e-06
ctarjeta_visa_debitos_automaticos_lag1	1.55230773398546e-06	3.03678044308955e-06	5.55453722373121e-06
ccajas_otras_lag1	1.53281877285611e-06	0.000169237690602265	1.11090744474624e-05
ccajeros_propios_descuentos_lag1	1.38584017584951e-06	0.000169401486391852	1.11090744474624e-05
ccuenta_debitos_automaticos_lag1	1.24849969960804e-06	3.16170318823898e-05	5.55453722373121e-06
cseguro_auto	1.18964856358166e-06	4.35268611442203e-05	5.55453722373121e-06
ctarjeta_master_descuentos_lag6	1.18257059671517e-06	8.47007431959261e-05	5.55453722373121e-06
cpagomiscuentas_lag3	1.12925416250018e-06	6.89203034357393e-05	5.55453722373121e-06
cprestamos_hipotecarios_lag3	1.08029991061736e-06	8.47007431959261e-05	5.55453722373121e-06
ccheques_emitidos_lag6	1.05352006341068e-06	8.11149053906516e-05	5.55453722373121e-06
ccuenta_debitos_automaticos	9.55112596781879e-07	8.47007431959261e-05	5.55453722373121e-06
cforex_sell_lag1	6.58717544341765e-07	8.47007431959261e-05	5.55453722373121e-06
ccajas_extracciones_lag6	6.44217147247987e-07	8.36290786189152e-05	5.55453722373121e-06
clase_ternaria_lag6	6.33743451654796e-07	5.81121661723067e-05	5.55453722373121e-06
