Feature	Gain	Cover	Frequency
cdescubierto_preacordado	0.0761867329941659	0.00364173058777344	0.0043324219201294
Visa_status	0.0691965012971098	0.0084382571307858	0.00498709901028228
mcaja_ahorro	0.0536085366672479	0.00790219372387558	0.00325413024223052
ctrx_quarter	0.0460509747925911	0.00886108978947845	0.0031963646166288
mcuenta_corriente	0.042957370573287	0.00720288250863747	0.00579581776870644
mcuenta_corriente_lag1	0.0378649958585349	0.00541405844849995	0.0045634844225363
mcaja_ahorro_lag1	0.0334935004412596	0.00580421034837354	0.00265721877767936
mcuentas_saldo	0.0314268276325808	0.0122968349551377	0.00681634382100358
ctarjeta_visa	0.0227590499185061	0.000968354836990005	0.000346593753610352
mtarjeta_visa_consumo	0.0210493823993765	0.00585531798272821	0.00294604690568799
mprestamos_personales	0.0196142153078229	0.0157484440888402	0.00664304694419841
Visa_mpagospesos	0.017301522483934	0.00476250722407428	0.0075480417452921
mpayroll	0.0164608421214623	0.0149067303003858	0.00419763546039204
internet	0.0160246572040852	0.00279249898154597	0.00464050525667193
ctarjeta_visa_transacciones	0.015361969668993	0.00636377273763318	0.00217583856433165
Visa_delinquency	0.0145170028456548	0.00341591209749332	0.00258019794354373
Visa_msaldopesos	0.0102237374787482	0.00471343072001537	0.0057187969345708
Visa_Finiciomora	0.00944389577124655	0.00710118045133722	0.00217583856433165
mpayroll_lag1	0.00869360321344317	0.0082863455590968	0.00254168752647591
ctrx_quarter_lag1	0.00740146788796831	0.0054615058047137	0.00306157815689144
mextraccion_autoservicio_lag1	0.00733322568282275	0.00246884542225741	0.00155967189124658
Visa_msaldototal	0.00714310761736936	0.00389496975146128	0.00602688027111334
mprestamos_personales_lag1	0.00688721036629519	0.00846265473039903	0.00439018754573112
Visa_delinquency_lag1	0.00682417478143478	0.00303346599399033	0.00238764585820464
Visa_fultimo_cierre_lag1	0.00559836368445164	0.00199006642086655	0.00200254168752648
mextraccion_autoservicio	0.00556235526433614	0.0012611232143275	0.00117456772056841
Visa_mpagospesos_lag1	0.00544524702340906	0.00320311684401696	0.00706666153194439
Master_Finiciomora	0.00521133823543201	0.00145019122572887	0.000385104170678168
Master_status	0.00516669454473404	0.00399910608186961	0.00329264065929834
mautoservicio	0.00473825758269466	0.00439866702334263	0.00231062502406901
Visa_mpagominimo	0.00464159004058188	0.00503258787766574	0.00704740632341048
Visa_mconsumospesos	0.00457483666218898	0.00450881303282895	0.00650826048446105
tmobile_app_lag6	0.00434137932055874	0.00566821048532407	0.0191204220741711
Visa_fechaalta	0.00413796891712399	0.0064158156235286	0.00808718758424154
Master_delinquency	0.00381878624924738	0.00134281715460914	0.0015981823083144
Visa_msaldopesos_lag1	0.00370309442988575	0.00423355053535879	0.00606539068818115
Visa_mpagominimo_lag1	0.00358538461240836	0.005680755818868	0.00629645319058805
Visa_Finiciomora_lag1	0.00346316050286889	0.00436172674244081	0.00107829167789887
Master_fechaalta	0.00339247517032235	0.00574775560147904	0.00903069280240305
thomebanking	0.00318756493512136	0.00336510085267336	0.00770208341356337
mprestamos_personales_lag3	0.0031345811324396	0.00556332771080231	0.00290753648862017
Visa_fechaalta_lag1	0.00309280080223647	0.00525319816727969	0.00716293757461393
ccaja_seguridad	0.00290408281042071	0.00815990028015878	0.00121307813763623
cmobile_app_trx_lag6	0.00289530101316964	0.00667364517815338	0.0102822813571071
ccaja_ahorro	0.00283649998696439	0.00908955639095377	0.00138637501444141
mactivos_margen	0.00282793112432358	0.00724075339963318	0.00419763546039204
Visa_mpagospesos_lag3	0.00281812719150353	0.00430601893695761	0.00866484384025879
Master_Fvencimiento	0.00277321908992113	0.00377861564104403	0.00826048446104671
Master_Fvencimiento_lag6	0.00274639389013098	0.00378280769638146	0.00824122925251281
Master_fechaalta_lag6	0.00273490670021082	0.00375645753953703	0.00854931258905534
Master_fechaalta_lag1	0.00272735967469153	0.00411877319074366	0.00781761466476682
Visa_mconsumosdolares_lag6	0.00267382985505734	0.00371518894367947	0.00835676050371626
cmobile_app_trx	0.00265738162424287	0.00425438731640651	0.00997419802056456
Visa_mconsumosdolares_lag3	0.00263814276040724	0.00318483700288699	0.00802942195863981
Visa_msaldototal_lag1	0.00263307938099639	0.00310583543331162	0.00464050525667193
Visa_mpagospesos_lag6	0.00258877422953602	0.00529413804924053	0.00797165633303809
mpasivos_margen	0.00258219478927772	0.00146984211710582	0.00173296876805176
Master_Fvencimiento_lag3	0.00254534226591349	0.00472846022222104	0.00826048446104671
mrentabilidad	0.0025274538527079	0.00327111785302042	0.00331189586783225
cmobile_app_trx_lag3	0.00246031694719398	0.00525919110399582	0.00583432818577425
Master_fechaalta_lag3	0.00244997939233188	0.00430371595048907	0.0073169792428852
Visa_mconsumototal_lag3	0.00244397139149629	0.00338003520521856	0.00793314591597027
cpayroll_trx	0.00243489635765133	0.0041028757379766	0.00061616667308507
Visa_mconsumototal_lag6	0.00241438029685899	0.00316026766974022	0.00793314591597027
mcuenta_debitos_automaticos	0.00239919853856659	0.00487899262113107	0.00207956252166211
Visa_mconsumospesos_lag6	0.00237667344362483	0.00362091684819403	0.00853005738052143
Visa_Fvencimiento	0.00236806973513513	0.00443608040029147	0.00672006777833404
Visa_mconsumototal_lag1	0.00235783132472198	0.00357138813459893	0.00666230215273231
Master_Fvencimiento_lag1	0.0023083269288496	0.00418245649381276	0.00750953132822428
Visa_mconsumospesos_lag3	0.00222612664375395	0.00350877352466758	0.00716293757461393
Visa_mconsumosdolares_lag1	0.00222501495327872	0.00379774337505433	0.00743251049408865
Visa_mpagominimo_lag6	0.00220351836032507	0.00447136699998619	0.00718219278314784
Visa_Fvencimiento_lag1	0.00218783922029207	0.00333205408261679	0.00600762506257943
mrentabilidad_annual_lag1	0.0021785785993299	0.00571007484403831	0.00331189586783225
Visa_mconsumototal	0.0021628707067351	0.00420770066017866	0.00658528131859668
Visa_Fvencimiento_lag3	0.0021626324124589	0.00529869081130477	0.00637347402472369
cdescubierto_preacordado_lag1	0.00214839511734532	0.00482359645565081	0.00290753648862017
cliente_edad_lag1	0.00213395400281411	0.0052859745730571	0.00408210420918859
cliente_edad	0.00212639469894337	0.00609372755795695	0.00379327608117996
internet_lag1	0.00212048310940273	0.00303322380992421	0.00492933338468056
Visa_mfinanciacion_limite	0.00211077256550974	0.00481522063327389	0.00402433858358686
thomebanking_lag1	0.00204945548875182	0.00259182188273716	0.00604613547964725
mrentabilidad_annual	0.00203740689955105	0.0106651825521005	0.0041206146262564
Visa_Fvencimiento_lag6	0.00202080073329354	0.00392963970178848	0.00556475526629953
Master_mlimitecompra	0.0019922033836292	0.00341987556157328	0.00531443755535872
tmobile_app	0.00197665009282198	0.00292918859675088	0.00623868756498633
Visa_cconsumos	0.00197333385495525	0.00260962448367113	0.00429391150306158
Master_msaldototal	0.00196632727649475	0.00347314146871428	0.00363923441290869
mcuentas_saldo_lag1	0.00193760861440302	0.00506802996583002	0.00367774482997651
Visa_mfinanciacion_limite_lag1	0.00192598037957278	0.00501331327501575	0.00410135941772249
Visa_mpagominimo_lag3	0.00191737168935226	0.00258712871690564	0.00552624484923172
Master_mfinanciacion_limite_lag1	0.00191343591364189	0.00353974788870458	0.00531443755535872
Master_mlimitecompra_lag6	0.00191271546922303	0.00364631302194434	0.00573805214310471
Master_mlimitecompra_lag3	0.00189775971503375	0.00346474774361378	0.00550698964069781
ccajas_transacciones_lag1	0.00189205281531915	0.00305335591988017	0.00460199483960411
tcallcenter	0.00188275090277567	0.0025255970559845	0.0022913698155351
Visa_cconsumos_lag6	0.00188098547977499	0.00352813233642475	0.00587283860284207
Master_mfinanciacion_limite	0.0018754892913561	0.00204286768602444	0.0047945469249432
Master_msaldopesos	0.00187493438058751	0.00354219045011061	0.00390880733238341
Visa_cconsumos_lag1	0.00186629807470682	0.00340266026943208	0.00489082296761274
Master_mfinanciacion_limite_lag6	0.00184331252294247	0.00374624884295133	0.0054877344321639
Master_mfinanciacion_limite_lag3	0.00183470027896029	0.00255479905038776	0.00489082296761274
Visa_mlimitecompra_lag1	0.00182682603262196	0.00320068091324929	0.00387029691531559
Visa_fechaalta_lag3	0.00181499854400289	0.00268670035010067	0.0047945469249432
Visa_mconsumospesos_lag1	0.00179773252106579	0.00352335462995412	0.00581507297724034
Visa_fechaalta_lag6	0.00176230114296388	0.00284468193967675	0.00531443755535872
Visa_mconsumosdolares	0.00173977481888308	0.00241470626004434	0.00596911464551161
ccajas_transacciones	0.00173177931492427	0.00492634731417373	0.00460199483960411
Visa_mlimitecompra	0.00170075184808597	0.00367089843438914	0.00371625524704433
mplazo_fijo_dolares	0.00170027907095132	0.00715154495689765	0.00123233334617014
active_quarter	0.00168442535273561	0.00086766478086952	0.00073169792428852
Visa_cconsumos_lag3	0.00167801243957501	0.0031572265274562	0.0050256094273501
thomebanking_lag3	0.00166147738679481	0.00256754031929524	0.00462125004813802
Visa_msaldototal_lag6	0.00165671126071101	0.00309906720920519	0.00494858859321447
cmobile_app_trx_lag1	0.00164132293083373	0.00315791130663288	0.00448646358840066
Master_msaldopesos_lag6	0.00163630963059267	0.00250160740639639	0.00492933338468056
ctrx_quarter_lag3	0.00163560077567664	0.00381251378506607	0.00331189586783225
Master_mlimitecompra_lag1	0.00162663984356996	0.00328268384127852	0.0045827396310702
Visa_msaldototal_lag3	0.00161112544246452	0.0026609545759428	0.00446720837986675
cproductos	0.00161055194152076	0.00358996486256149	0.00073169792428852
mrentabilidad_lag1	0.00155548716902475	0.0040723494393268	0.0031963646166288
mcuentas_saldo_lag3	0.00153568600620371	0.00382992534410273	0.00348519274463742
Master_msaldototal_lag6	0.00152105126710234	0.0031673697464881	0.00494858859321447
mcuenta_debitos_automaticos_lag6	0.00151742596877234	0.00358271061266324	0.0034274271190357
thomebanking_lag6	0.00150552596310533	0.00256248296565176	0.00444795317133285
Master_mpagospesos_lag6	0.00150090582387017	0.00443752422179445	0.00431316671159549
mpagomiscuentas	0.00149321748773489	0.00476212480200684	0.00180998960218739
mcomisiones_lag1	0.00148118836427657	0.00343998463006093	0.00265721877767936
Visa_msaldopesos_lag3	0.00147610358717548	0.00214002261730305	0.0043516771286633
Master_msaldototal_lag1	0.00147528429734471	0.00383642668501515	0.00369700003851042
Visa_msaldopesos_lag6	0.00147015706671617	0.0030768917022725	0.00462125004813802
numero_de_cliente	0.00140465097403859	0.00274226725451871	0.00363923441290869
ctrx_quarter_lag6	0.00139249763422854	0.00309084637799995	0.00352370316170524
Visa_mlimitecompra_lag3	0.00139225423926126	0.00257869056652813	0.00323487503369662
Visa_mfinanciacion_limite_lag6	0.00137865001575298	0.00392433635146183	0.00369700003851042
Visa_mlimitecompra_lag6	0.00137272371524897	0.0032173428786193	0.00323487503369662
mcomisiones_otras_lag1	0.00136717496033999	0.00308647645578849	0.002734239611815
Master_msaldopesos_lag1	0.00136462594791917	0.00235720254616122	0.00331189586783225
Visa_cadelantosefectivo	0.00136009477865642	0.000293002438871622	0.000750953132822429
Master_mpagominimo_lag1	0.0013570596528571	0.00186189253450796	0.00354295837023915
cliente_antiguedad_lag1	0.00133774939410073	0.00386986880688396	0.0034274271190357
Master_mpagominimo_lag3	0.0013168250114628	0.00231822118900609	0.00398582816651904
Master_mpagominimo_lag6	0.00130977757777227	0.00223299577073369	0.00419763546039204
numero_de_cliente_lag1	0.0013044640758775	0.00252975264281095	0.00310008857395926
mcuenta_corriente_lag3	0.00128746673294139	0.00387267804259132	0.00290753648862017
Master_mpagospesos	0.00128704179520803	0.00271877208478633	0.0022913698155351
tmobile_app_lag3	0.00128267973441333	0.00229834452439297	0.00354295837023915
mcuentas_saldo_lag6	0.00127302087279778	0.00254494393259262	0.00352370316170524
Master_msaldototal_lag3	0.00126865825804265	0.00234408764078213	0.00381253128971387
mtarjeta_master_consumo	0.00125143732806652	0.00190989238866309	0.000943505218161513
ctarjeta_debito_transacciones	0.00122302232765566	0.00318838770972901	0.000827973966958062
matm	0.00121113964770499	0.000551865544250837	0.000596911464551161
Visa_mpagosdolares	0.00120302981499954	0.00152416130115038	0.0022913698155351
Master_Finiciomora_lag1	0.00120126572382369	0.00182111858427209	0.000500635421881619
mactivos_margen_lag1	0.0011977955247368	0.00338888544977017	0.00261870836061155
mcaja_ahorro_lag6	0.0011950298579853	0.00237630259725637	0.00304232294835753
Master_fultimo_cierre	0.00118838415959644	0.00277990176325687	0.00331189586783225
Master_mpagospesos_lag1	0.0011507000730709	0.00205114554071958	0.0025031771094081
Visa_fultimo_cierre	0.00114959901924847	0.00230779268675874	0.00261870836061155
numero_de_cliente_lag3	0.00114594015320018	0.00210824097304566	0.00294604690568799
mextraccion_autoservicio_lag6	0.00113550304713763	0.00215022783280362	0.00325413024223052
Master_mconsumototal_lag6	0.00112596731846721	0.00269223842502528	0.00340817191050179
cliente_antiguedad	0.00112162084786895	0.0037929580433496	0.00288828128008626
mautoservicio_lag6	0.00110380903164913	0.00207521343184034	0.0036584896214426
mautoservicio_lag1	0.0010997166513698	0.00392550748796225	0.00259945315207764
mautoservicio_lag3	0.00109626576186461	0.00288025249645925	0.00317710940809489
mcomisiones	0.00109432328768412	0.00262990081001143	0.00223360418993338
Visa_mfinanciacion_limite_lag3	0.001092317265655	0.00206041235512619	0.00263796356914545
Master_cconsumos_lag6	0.0010918404515353	0.00186446273570243	0.00361997920437478
Master_fultimo_cierre_lag6	0.00108574386873603	0.00326934117347174	0.0029653021142219
Master_delinquency_lag1	0.00107402550142889	0.00101514310775072	0.00121307813763623
Master_msaldopesos_lag3	0.00106920269431124	0.00153877754882023	0.00356221357877306
mcaja_ahorro_lag3	0.00106714120546964	0.00176459554180248	0.00256094273500982
ccajas_transacciones_lag3	0.00106458910276995	0.00176206761092755	0.00284977086301845
Master_mpagominimo	0.00104616828563522	0.00199343992389839	0.00292679169715408
Master_mpagospesos_lag3	0.00104167440703985	0.00228766057680278	0.00311934378249316
mtransferencias_emitidas_lag6	0.00103345300070419	0.00306612420863897	0.00263796356914545
mtarjeta_visa_consumo_lag1	0.00102013162828971	0.00120359977429526	0.00111680209496669
Master_mconsumosdolares_lag6	0.00101589345666388	0.00192559291147084	0.00358146878730697
mcaja_ahorro_dolares_lag6	0.000994137076321841	0.00273716564136418	0.00279200523741672
numero_de_cliente_lag6	0.000989685287489522	0.00128724594027617	0.00231062502406901
mtransferencias_emitidas_lag1	0.0009872511636442	0.0040750590496928	0.00211807293872993
Master_mconsumospesos_lag3	0.000984447154086767	0.00194363056853469	0.00298455732275581
cliente_antiguedad_lag6	0.0009795416750642	0.00406485516031991	0.00254168752647591
mrentabilidad_annual_lag6	0.000978762768978666	0.00301096641460777	0.00277275002888281
mpayroll_lag3	0.000972402594396676	0.00374755308951683	0.00213732814726383
Visa_fultimo_cierre_lag3	0.000969054329610352	0.00153486083074072	0.00165594793391612
mtransferencias_recibidas_lag6	0.000968766800131641	0.00161444374153434	0.00284977086301845
mcaja_ahorro_dolares_lag1	0.000964477747511593	0.00357721464229222	0.00215658335579774
Master_mpagosdolares_lag6	0.000954421870511667	0.00132354653034216	0.00385104170678168
mrentabilidad_lag6	0.000933720795864436	0.00163365419275819	0.00279200523741672
Master_fultimo_cierre_lag1	0.000914185094891327	0.00175284273530858	0.00256094273500982
mcomisiones_otras	0.000908912309751508	0.00274404078451417	0.00236839064967074
mcaja_ahorro_dolares_lag3	0.000908364555234829	0.00223287791113683	0.00215658335579774
mpayroll_lag6	0.000895970504464381	0.00249034012839644	0.00259945315207764
cliente_edad_lag6	0.000867941960250936	0.00313723482126753	0.00221434898139947
Master_cconsumos_lag3	0.000850903203760585	0.00160438125052448	0.00279200523741672
tmobile_app_lag1	0.000844947918827112	0.00171916920416099	0.00238764585820464
ccajas_transacciones_lag6	0.000797251455978171	0.00145196674491584	0.00236839064967074
mtarjeta_visa_consumo_lag6	0.000783205626205748	0.00107667874705488	0.00244541148380637
Master_mconsumototal_lag3	0.000782059272315662	0.00157964200726972	0.00231062502406901
Master_mconsumospesos_lag6	0.00078041755933441	0.0014686111390942	0.00231062502406901
cliente_edad_lag3	0.000780102147547741	0.00349331120754293	0.00221434898139947
mpagomiscuentas_lag6	0.000774287899068089	0.00214298336309695	0.00231062502406901
mcomisiones_lag6	0.000761561474392059	0.00190257879455151	0.00213732814726383
ctarjeta_debito_transacciones_lag1	0.000750411325086427	0.000429919650738259	0.00025031771094081
mcomisiones_otras_lag6	0.000750311078715617	0.0020278570811381	0.00202179689606038
mtarjeta_visa_consumo_lag3	0.000745770310304749	0.00123732618478377	0.00227211460700119
mtransferencias_emitidas_lag3	0.000737977681449968	0.0018324357578257	0.00186775522778912
mcaja_ahorro_dolares	0.000736882356930935	0.0033481769770881	0.00196403127045866
mcomisiones_mantenimiento	0.000732166879840402	0.00610636240511874	0.00138637501444141
cliente_antiguedad_lag3	0.000732163050705665	0.00145084268594779	0.00188701043632303
mtransferencias_recibidas	0.000727552297846549	0.00310056639653849	0.00123233334617014
Master_mconsumospesos_lag1	0.000724548918184819	0.00144441030367431	0.00198328647899257
Master_mconsumototal_lag1	0.000713785543877584	0.0016255087850643	0.00202179689606038
Master_mconsumosdolares_lag3	0.000713060112525444	0.000966227728203973	0.00242615627527246
mrentabilidad_annual_lag3	0.000703655366201169	0.00168035129224145	0.00194477606192475
mextraccion_autoservicio_lag3	0.000683413213335153	0.00234939231723644	0.00188701043632303
Visa_mpagosdolares_lag1	0.000681087997239085	0.00142553635734725	0.00204105210459429
mcuenta_debitos_automaticos_lag3	0.000678866198832494	0.00286838580875152	0.00184850001925521
ctarjeta_visa_transacciones_lag6	0.000661005949097768	0.00111959621690672	0.00173296876805176
foto_mes_lag3	0.000655199632939277	0.00119315801077118	0.00157892709978049
Master_mconsumospesos	0.000649638637776346	0.00126752227764321	0.00173296876805176
Master_mconsumototal	0.000649021500260728	0.00147313340022199	0.00180998960218739
mactivos_margen_lag6	0.000639213497924766	0.00205805433435925	0.00198328647899257
Visa_delinquency_lag3	0.000627572178103201	0.00127369440736104	0.000750953132822429
Master_fultimo_cierre_lag3	0.000627454726094226	0.00139469245111999	0.00192552085339084
mcomisiones_lag3	0.000625168734148328	0.00161847052821064	0.00148265105711095
Master_cconsumos_lag1	0.000611006545200334	0.0010695637405622	0.00177147918511957
Visa_mpagosdolares_lag3	0.000598562722843748	0.0010503672136789	0.00179073439365348
Visa_mpagosdolares_lag6	0.000596870171583513	0.00177322962754353	0.00161743751684831
mactivos_margen_lag3	0.00059477319855331	0.00226098037993396	0.00173296876805176
mcheques_emitidos_lag1	0.000593905823558176	0.00456334754685426	0.000847229175491971
tcallcenter_lag6	0.00059389891813379	0.0019902089795913	0.00148265105711095
mpasivos_margen_lag6	0.000591574994874885	0.00163596994320558	0.00179073439365348
chomebanking_transacciones_lag1	0.000586511531020515	0.00426702498158961	0.00148265105711095
mrentabilidad_lag3	0.000583253129021238	0.00162154565251626	0.00152116147417877
mtransferencias_emitidas	0.000577704968958587	0.00183384808379648	0.00155967189124658
ctarjeta_visa_transacciones_lag3	0.000562269063113526	0.0016155228779275	0.00146339584857704
cpayroll_trx_lag1	0.000561739795157452	0.000129522226669187	1.92552085339084e-05
matm_lag6	0.000559826067964043	0.00154360498507856	0.00161743751684831
tcallcenter_lag1	0.000554989013774525	0.0013684238511274	0.00148265105711095
Master_mpagosdolares_lag3	0.000553811996984177	0.000677474699691605	0.00194477606192475
mcuenta_debitos_automaticos_lag1	0.00055329823584613	0.00188817837416029	0.00125158855470405
mpasivos_margen_lag1	0.000548894950937366	0.000966610150271412	0.00144414064004313
mpagomiscuentas_lag3	0.000540284226947773	0.00154138239510014	0.00142488543150922
Visa_msaldodolares	0.000536157176721113	0.000791347956766294	0.000924250009627604
mcomisiones_otras_lag3	0.000535060038221388	0.00143583208106144	0.00121307813763623
Master_mconsumosdolares_lag1	0.000534686581401817	0.00155168309179309	0.00157892709978049
Visa_msaldodolares_lag1	0.000524855692237117	0.00207385332214666	0.00129009897177186
mttarjeta_visa_debitos_automaticos_lag6	0.00052484668990999	0.00191397586729737	0.00146339584857704
Master_madelantopesos_lag6	0.000522287713955436	0.00057173325750217	0.00207956252166211
Master_cadelantosefectivo_lag6	0.000517972623185195	0.00056533750950564	0.00209881773019602
Master_madelantodolares_lag6	0.000516544438019096	0.000611005036617482	0.00240690106673855
Visa_msaldodolares_lag3	0.000502965474927118	0.00176505786306216	0.00111680209496669
mcuenta_corriente_lag6	0.000502444470029696	0.00153269559578411	0.00138637501444141
Master_cconsumos	0.000493424623605359	0.00109355222978859	0.00140563022297531
Master_mpagosdolares	0.000485832208448766	0.000638059698787707	0.00127084376323796
mttarjeta_visa_debitos_automaticos_lag1	0.000484407119160282	0.00285493804532673	0.0013671198059075
Visa_status_lag1	0.000471277760713146	0.00102881482098613	0.000673932298686795
Visa_mpagado	0.000467871463667138	0.0035882727236519	0.00127084376323796
active_quarter_lag1	0.000443992382441798	0.000914379285778478	0.000866484384025879
mtransferencias_recibidas_lag1	0.000439693271385607	0.00439894136600479	0.00105903646936496
cdescubierto_preacordado_lag3	0.000439394297316865	0.00118056775465236	0.000693187507220703
Master_madelantodolares	0.000439048461073971	0.000320112798404074	0.000904994801093696
chomebanking_transacciones_lag6	0.000436503624879824	0.00157314414744244	0.00100127084376324
Master_madelantopesos_lag3	0.000421898616605537	0.000482084540379506	0.00152116147417877
Master_status_lag1	0.000399977280710612	0.000516462411086929	0.00061616667308507
mpagomiscuentas_lag1	0.000397217238817629	0.00108217836427699	0.00109754688643278
Master_cadelantosefectivo_lag1	0.000392116366337215	0.000285807035888821	0.000962760426695421
foto_mes_lag1	0.000386512660030381	0.00162413839788115	0.000385104170678168
Visa_fultimo_cierre_lag6	0.000380397622819783	0.00173489890177753	0.00105903646936496
foto_mes_lag6	0.000379235594381878	0.000762755649560282	0.00102052605229715
mpasivos_margen_lag3	0.000378345162134595	0.000637776570529716	0.00098201563522933
matm_lag3	0.000373562677529528	0.000851887674188708	0.00111680209496669
Visa_mpagado_lag3	0.000364228729183477	0.00206083157723653	0.00100127084376324
Visa_madelantopesos	0.000364057500713253	0.000296467113180916	0.000943505218161513
Visa_mpagado_lag1	0.000361379759486815	0.00177090359960669	0.000789463549890245
mprestamos_prendarios	0.000360923064328773	0.00439759534641762	0.000673932298686795
cprestamos_prendarios	0.000359622842688541	0.00183947086512614	0.000346593753610352
mtransferencias_recibidas_lag3	0.000359343898711688	0.000801940235781154	0.00100127084376324
Visa_madelantodolares_lag3	0.000357010855134562	0.00019079628729002	0.000519890630415527
ccaja_seguridad_lag1	0.000355536897043583	0.000518088906676748	7.70208341356337e-05
Master_madelantopesos	0.000353961324946037	0.000505807141007646	0.00111680209496669
Master_mpagosdolares_lag1	0.000344160608543343	0.000417735189687097	0.00115531251203451
mttarjeta_visa_debitos_automaticos	0.000341296515119968	0.00184509464105156	0.000885739592559787
mcomisiones_mantenimiento_lag1	0.000337283882147085	0.00148394631372829	0.000558401047483344
tcallcenter_lag3	0.000332762641299194	0.000959869774846097	0.000943505218161513
Master_madelantodolares_lag3	0.000327244356044561	0.000367948710025743	0.00130935418030577
Master_mconsumosdolares	0.000324337668874289	0.000702582440673242	0.00121307813763623
matm_lag1	0.000317743675433074	0.000776806138012033	0.000904994801093696
ctarjeta_visa_descuentos	0.000316843006284855	0.00246092230671455	0.00036584896214426
mprestamos_personales_lag6	0.000315234496411092	0.00109562994031884	0.000808718758424154
matm_other_lag6	0.000313122999357124	0.00163434991248816	0.000789463549890245
ctarjeta_debito_transacciones_lag6	0.000310222004512001	0.000637784029997871	0.000924250009627604
mtarjeta_master_consumo_lag1	0.000291066017907581	0.00215664761686421	0.000827973966958062
Visa_mpagado_lag6	0.000290003393798031	0.00116019561558776	0.00073169792428852
cplazo_fijo	0.000282547103319184	0.00181331117336862	0.000269572919474718
cextraccion_autoservicio	0.000279867701442104	0.000764049950168241	0.000134786459737359
Master_msaldodolares_lag6	0.000274976062420551	0.000731928485694879	0.000673932298686795
chomebanking_transacciones	0.000273566830223771	0.000675097947371302	0.000500635421881619
Master_cadelantosefectivo_lag3	0.000267291672610998	0.000333807718873747	0.00127084376323796
Master_msaldodolares_lag3	0.000263385231235493	0.000494947978798779	0.000712442715754612
Master_delinquency_lag3	0.000263245776419239	0.000297955359960918	0.000519890630415527
Master_mpagado_lag6	0.000261502711702412	0.000647911169731745	0.000635421881618978
mtarjeta_master_consumo_lag6	0.000253097364393582	0.000377076612558697	0.000596911464551161
foto_mes	0.000249458387311903	0.000243139872635081	0.000750953132822429
mcomisiones_mantenimiento_lag3	0.000248120361901447	0.00116620446583595	0.000539145838949436
Visa_msaldodolares_lag6	0.000247268529624822	0.000787471354048858	0.00061616667308507
chomebanking_transacciones_lag3	0.000247239391563969	0.000817123734562747	0.000539145838949436
matm_other_lag1	0.000242102526708436	0.00127847642374659	0.000385104170678168
mttarjeta_visa_debitos_automaticos_lag3	0.000239272347109047	0.00113377252172136	0.000750953132822429
Master_msaldodolares_lag1	0.000235248530294421	0.000771956986413078	0.000673932298686795
mttarjeta_master_debitos_automaticos_lag6	0.00023436525988081	0.00195375721097069	0.000654677090152886
cprestamos_personales	0.000229977009963439	0.00227028333131963	0.00036584896214426
Master_mpagado_lag3	0.000227452771070887	0.00170016015857734	0.000770208341356337
mtarjeta_master_consumo_lag3	0.00021806322312318	0.000463591026928376	0.000693187507220703
ctarjeta_visa_transacciones_lag1	0.000214685323428623	0.000721901965898125	0.000539145838949436
Master_msaldodolares	0.000210127081383315	0.000440941429352916	0.00061616667308507
Visa_cadelantosefectivo_lag1	0.000205279033335423	0.000225556248532964	0.000481380213347711
Master_madelantopesos_lag1	0.000202313535670201	0.000243403772041827	0.000808718758424154
Visa_madelantopesos_lag3	0.000199525173998054	0.000180680751173277	0.000404359379212077
Master_madelantodolares_lag1	0.000198168849223089	0.00030014960396035	0.000904994801093696
ccajas_depositos	0.000195765051493315	0.00217350352840626	0.000327338545076443
cseguro_accidentes_personales_lag1	0.00019049375937487	0.00106184551174467	0.000500635421881619
Master_delinquency_lag6	0.000186088918457935	0.000390738545602526	0.000423614587745985
matm_other_lag3	0.000185678012873832	0.00216515290245511	0.000654677090152886
Visa_madelantodolares_lag1	0.000181858733513955	0.000215695163163303	0.000481380213347711
cinversion1	0.000179728932979668	0.00116570004002268	0.000173296876805176
ccajas_consultas	0.000172532309266018	0.00287215051944662	0.000442869796279894
mttarjeta_master_debitos_automaticos_lag1	0.000164613812443417	0.00146503507006045	0.000462125004813802
Visa_madelantodolares	0.000164520265978893	0.000116390578928234	0.00036584896214426
cseguro_accidentes_personales	0.000159481051088074	0.000657290704990478	0.00036584896214426
ccajas_depositos_lag1	0.000159139600622878	0.00218975124464471	0.000327338545076443
cinversion1_lag1	0.000158234425266063	0.00181331117336862	0.000269572919474718
mcheques_depositados_lag1	0.000157572747842122	0.0022355924944816	0.000404359379212077
mttarjeta_master_debitos_automaticos_lag3	0.000156706126851847	0.000676405177724064	0.00036584896214426
cprestamos_personales_lag1	0.000152807871628564	0.00202466393146966	0.000327338545076443
Visa_madelantopesos_lag1	0.000148055679237287	0.000162682877939591	0.000596911464551161
ccomisiones_otras	0.00014699123303783	0.00254754977346828	0.000423614587745985
Master_status_lag6	0.000146446814468374	0.000367297415572788	0.000346593753610352
mcheques_depositados	0.000145822298661887	0.00172267747491751	0.000269572919474718
Master_cadelantosefectivo	0.000145365065719225	0.000179017289774599	0.000519890630415527
Visa_cadelantosefectivo_lag3	0.00014515241124217	0.000194148240747186	0.00061616667308507
ctarjeta_debito_transacciones_lag3	0.00014224901773232	0.00136918438534734	0.000558401047483344
mpagodeservicios	0.000133690764822566	0.00227603723352287	0.00036584896214426
minversion2	0.000131297930241903	0.00195667634950887	0.000346593753610352
cpagomiscuentas	0.000115105550676352	0.00206118068034621	0.000308083336542535
Visa_madelantopesos_lag6	0.000103856642234463	0.00041182331252492	0.000269572919474718
Master_mpagado_lag1	0.000103073197590543	0.000183053856642482	0.00036584896214426
cproductos_lag1	9.81082397114722e-05	0.000170751867526381	9.62760426695421e-05
ctarjeta_master_transacciones_lag6	9.64164309639099e-05	0.00073379434732951	0.000211807293872993
ccallcenter_transacciones_lag1	9.57477524845377e-05	0.00181331117336862	0.000269572919474718
mprestamos_prendarios_lag1	9.34880452290705e-05	0.000620962432009329	9.62760426695421e-05
mforex_sell_lag3	9.33354658561534e-05	0.00171047643727044	0.000346593753610352
mcomisiones_mantenimiento_lag6	9.31910215075607e-05	0.000214601936663624	0.000192552085339084
Master_mpagado	9.21647618381847e-05	0.000223144188063391	0.000269572919474718
matm_other	8.58222396149633e-05	0.00101815656711959	0.00025031771094081
tcuentas_lag3	8.29814512685605e-05	0.00140606930041885	0.000269572919474718
Visa_madelantodolares_lag6	8.11752545767734e-05	0.000228965557011948	0.000211807293872993
cseguro_vida_lag1	7.31552339724714e-05	0.000688127317515544	0.000134786459737359
mplazo_fijo_dolares_lag3	7.30441378946126e-05	0.000967047275105325	0.00025031771094081
ccallcenter_transacciones	6.90441103770539e-05	0.00111666365132585	0.000192552085339084
mcheques_emitidos	6.61650079961139e-05	0.000822995662128803	0.000192552085339084
Master_status_lag3	6.46650248194417e-05	9.9542955684127e-05	0.000211807293872993
cdescubierto_preacordado_lag6	6.37171511823593e-05	0.000322171445849035	0.000192552085339084
Visa_delinquency_lag6	6.34530409339287e-05	0.00044693933904782	0.000211807293872993
ccaja_ahorro_lag3	6.09510638370132e-05	0.0019428334000378	0.000288828128008626
Visa_Finiciomora_lag3	5.95693538840859e-05	0.000875484292687999	0.000173296876805176
internet_lag6	5.94206482416464e-05	0.000143248808437031	0.00025031771094081
minversion1_pesos	5.91047647176894e-05	0.000259044453338374	3.85104170678168e-05
mforex_sell_lag6	5.815831628434e-05	0.000183657907797119	0.000115531251203451
cprestamos_personales_lag3	5.74766774436792e-05	0.000447172074454272	7.70208341356337e-05
cproductos_lag6	5.49636669021006e-05	0.000923837228335824	0.000231062502406901
ctarjeta_visa_descuentos_lag1	5.48714214566628e-05	0.00142474449336106	0.000211807293872993
ccaja_ahorro_lag1	5.40583617807647e-05	0.00164302477665514	0.000269572919474718
ccomisiones_otras_lag3	5.36810411578815e-05	0.000622612300599368	0.000154041668271267
cseguro_vida	5.20153649085946e-05	0.000986456148182115	0.000173296876805176
mcheques_depositados_lag6	5.19396076892201e-05	0.00138383842765585	0.000211807293872993
ctransferencias_recibidas_lag6	5.15139087767158e-05	0.00103304334483455	0.000173296876805176
mcheques_depositados_lag3	5.14918418873896e-05	0.00128724776370172	0.000192552085339084
mforex_buy	5.07838058288308e-05	0.00145269512053974	0.000231062502406901
Visa_status_lag3	4.82078856205428e-05	0.000175442049570645	0.000154041668271267
ctarjeta_master_transacciones_lag3	4.58114968761614e-05	0.000386440068519406	0.000115531251203451
ccomisiones_otras_lag6	4.48507951078372e-05	0.000898906028100533	0.000173296876805176
cextraccion_autoservicio_lag6	4.00746077535414e-05	0.000539269154791532	0.000134786459737359
cpagomiscuentas_lag1	4.00690579845119e-05	0.000901675314211775	0.000134786459737359
mplazo_fijo_dolares_lag6	3.95018776799753e-05	0.000363950103562474	9.62760426695421e-05
ctarjeta_master_transacciones	3.851616354072e-05	0.000824976731104946	0.000154041668271267
ctarjeta_master_transacciones_lag1	3.7270224994867e-05	0.000306021531526405	9.62760426695421e-05
ctarjeta_master	3.5626377906304e-05	1.23847063296478e-05	3.85104170678168e-05
ccajas_otras	3.17758475947622e-05	0.0010361778133535	0.000154041668271267
cseguro_auto_lag6	3.11612577360078e-05	0.00114276118084875	0.000173296876805176
ccomisiones_mantenimiento	3.08553489512428e-05	0.00115930429202615	0.000173296876805176
minversion1_pesos_lag6	2.76797699360131e-05	0.000919600416189455	0.000154041668271267
cseguro_vivienda	2.62773988760692e-05	0.0010361778133535	0.000154041668271267
catm_trx	2.59742296798693e-05	0.000871106911008389	0.000134786459737359
active_quarter_lag3	2.54402381222155e-05	0.00019351385442205	7.70208341356337e-05
mforex_buy_lag1	2.49700514334459e-05	0.000863804423216067	0.000134786459737359
Visa_cadelantosefectivo_lag6	2.49412817740672e-05	3.94103594570454e-05	7.70208341356337e-05
mpagodeservicios_lag1	2.40615046213587e-05	0.000276696704547522	5.77656256017253e-05
ctransferencias_emitidas	2.14278831481914e-05	0.000116352286991703	3.85104170678168e-05
cextraccion_autoservicio_lag1	2.05980504563615e-05	3.84785890014432e-05	3.85104170678168e-05
cextraccion_autoservicio_lag3	2.01521390760443e-05	0.000301969548424335	7.70208341356337e-05
active_quarter_lag6	1.98262558981073e-05	0.000279808297364122	7.70208341356337e-05
mpagodeservicios_lag3	1.93364174972743e-05	0.0001180694565611	5.77656256017253e-05
mttarjeta_master_debitos_automaticos	1.89630046896829e-05	6.14166193455827e-05	5.77656256017253e-05
mpagodeservicios_lag6	1.83881300411348e-05	0.000637396303419744	9.62760426695421e-05
mplazo_fijo_dolares_lag1	1.71995863428726e-05	2.09717145383481e-05	7.70208341356337e-05
cprestamos_personales_lag6	1.56553357733463e-05	0.000499041569156561	7.70208341356337e-05
Visa_status_lag6	1.53430915386326e-05	7.47208294498658e-05	3.85104170678168e-05
cpagomiscuentas_lag3	1.46640732492163e-05	1.79607416588679e-05	1.92552085339084e-05
ccallcenter_transacciones_lag3	1.415630571708e-05	0.000140363817686399	3.85104170678168e-05
ccheques_depositados	1.34636690737445e-05	0.000129522226669187	1.92552085339084e-05
ccomisiones_mantenimiento_lag1	1.15480769113997e-05	4.32499963656228e-06	1.92552085339084e-05
cinversion1_lag6	1.13442957459062e-05	0.000388566680007561	5.77656256017253e-05
ctarjeta_debito_lag6	1.13310023223472e-05	0.000161545226162896	3.85104170678168e-05
catm_trx_lag3	1.06369898290515e-05	0.000325223031388472	5.77656256017253e-05
ctarjeta_visa_debitos_automaticos	1.06051822957291e-05	0.000120567715329359	1.92552085339084e-05
mforex_buy_lag6	1.05546336512412e-05	0.000144176434743658	3.85104170678168e-05
ctarjeta_visa_debitos_automaticos_lag6	9.11454713886775e-06	3.63770081730987e-05	1.92552085339084e-05
ctarjeta_master_descuentos_lag3	8.49763103480216e-06	0.000380475643548222	5.77656256017253e-05
mforex_sell	7.76739832239621e-06	6.74355813172808e-05	1.92552085339084e-05
minversion2_lag3	7.76634013598317e-06	0.000125032455669367	1.92552085339084e-05
minversion2_lag6	7.39816393237755e-06	7.82169992913719e-05	1.92552085339084e-05
cplazo_fijo_lag3	7.21089988718073e-06	0.000259044453338374	3.85104170678168e-05
minversion2_lag1	7.14716751340894e-06	4.67658923562512e-06	1.92552085339084e-05
cforex_lag1	6.93936953042609e-06	0.000259044453338374	3.85104170678168e-05
mcheques_emitidos_lag3	6.89940655649458e-06	8.65827099447922e-05	1.92552085339084e-05
ccajas_consultas_lag1	6.88665675976849e-06	0.000259044453338374	3.85104170678168e-05
ccheques_depositados_lag6	6.86638044781127e-06	0.000259044453338374	3.85104170678168e-05
ctarjeta_master_lag1	5.7103891312214e-06	1.9023964519966e-05	1.92552085339084e-05
ccomisiones_otras_lag1	5.60276693609653e-06	0.000247075156502008	3.85104170678168e-05
ctarjeta_visa_lag1	4.76869526991749e-06	1.45360169456957e-05	1.92552085339084e-05
internet_lag3	4.57614686739121e-06	6.0388538867795e-06	1.92552085339084e-05
cseguro_vida_lag3	4.55183799318273e-06	3.7442883289541e-05	1.92552085339084e-05
catm_trx_lag6	4.14493867238789e-06	5.73699407542003e-06	1.92552085339084e-05
ccheques_emitidos_lag3	3.96146824970453e-06	0.000123785232593767	1.92552085339084e-05
ctransferencias_recibidas_lag1	3.6432880667471e-06	0.000129522226669187	1.92552085339084e-05
ccheques_emitidos	3.22490510491135e-06	0.000129522226669187	1.92552085339084e-05
ccallcenter_transacciones_lag6	3.20328598969194e-06	0.000117281736723879	1.92552085339084e-05
mforex_sell_lag1	2.83195758959964e-06	0.00013849099388149	3.85104170678168e-05
cpagodeservicios_lag3	2.73072893567398e-06	0.000129522226669187	1.92552085339084e-05
catm_trx_other_lag1	2.57606035397048e-06	0.00010692915528575	1.92552085339084e-05
ctarjeta_debito_lag3	2.40266329151496e-06	0.000127260515924438	1.92552085339084e-05
mforex_buy_lag3	2.36740713628527e-06	0.000102968840759012	1.92552085339084e-05
