Feature	Gain	Cover	Frequency
Visa_status	0.0788479447716327	0.00729656275190142	0.00411094343549982
cdescubierto_preacordado	0.074274956999553	0.00733355080300256	0.00575878996027823
mcaja_ahorro	0.0692996118190107	0.00694911780523238	0.00329569304955682
Visa_delinquency_lag1	0.0469177137661615	0.00475211482329146	0.00308754401484796
ctrx_quarter	0.0429176792983447	0.00647781538155514	0.00272328320410747
ctarjeta_visa_transacciones	0.0293438578805241	0.00529767930358421	0.00196007007684169
mcuenta_corriente	0.0284667175240462	0.00691068854019762	0.00572409845449342
mcuentas_saldo	0.0224967952663295	0.00993233016240007	0.00584551872474025
mpayroll	0.020733542421934	0.00933269925973371	0.0032263100379872
mprestamos_personales	0.0197431014276861	0.0138991798413491	0.00596693899498708
mcaja_ahorro_lag1	0.0184665669755379	0.00384077377147845	0.00275797470989228
Visa_delinquency	0.0165496176977042	0.00269076966690227	0.00274062895699988
Visa_mpagospesos	0.016061251411336	0.00470806584814725	0.00777089729579712
internet	0.0142290633302582	0.00262901910780183	0.00466600752805676
mtarjeta_visa_consumo	0.0140037683740378	0.00296495639627867	0.00187334131237966
ctarjeta_visa	0.0138956589425563	0.00112523135426004	0.00060710135123415
mcuentas_saldo_lag1	0.01264845193071	0.00527482712608416	0.00312223552063277
ctarjeta_debito_transacciones	0.0114313923420138	0.00254988023200328	0.000745867374373385
Master_status	0.0109527188377582	0.00284326484632494	0.00301816100327835
mcuenta_corriente_lag1	0.0102536333336053	0.00508125259748731	0.00478742779830359
Visa_msaldopesos	0.00804668716580893	0.00511515918759137	0.00655669459332882
mpayroll_lag1	0.00758185031492821	0.00696255729356187	0.00235902239336698
Visa_Finiciomora	0.00704271049788426	0.00635353040316051	0.00199476158262649
mprestamos_personales_lag1	0.00650730840339304	0.00826534668426456	0.00440582123467069
ctrx_quarter_lag1	0.00600370187302827	0.00489570776846903	0.00254982567518343
Visa_mpagominimo	0.00554043878032807	0.00513066162616825	0.00711175868588576
mautoservicio	0.00550562983370221	0.00264627039890986	0.00169988378345562
Visa_msaldopesos_lag1	0.00515959220626488	0.00412963386540691	0.00586286447763265
Visa_fechaalta	0.00436711066335837	0.00714225532831098	0.00865553069330974
tmobile_app_lag6	0.00424429775107506	0.00588368248074683	0.0164958110006765
Master_delinquency	0.00417090022314811	0.00158504503573563	0.00192537857105688
Visa_mconsumospesos	0.00404441372055559	0.00413819035225401	0.00702502992142374
Visa_mpagospesos_lag1	0.00391767761071292	0.00418652975087423	0.00761478551976549
mactivos_margen	0.00390464882347294	0.00665175926425221	0.00447520424624031
thomebanking	0.00385015848409565	0.00392395393331649	0.00851676467017051
Visa_cadelantosefectivo	0.00362948866419803	0.00033370289476388	0.000780558880158193
Visa_mpagominimo_lag1	0.00342314561420806	0.00555162952172449	0.00638323706440478
Visa_mconsumototal	0.00340063262605029	0.00456165036036031	0.00721583320324019
ccaja_ahorro	0.00339141669403314	0.0108111567487403	0.00267124594543026
Visa_fechaalta_lag1	0.00333411188028811	0.00515070879295262	0.00695564690985412
Visa_Fvencimiento	0.00326139944939501	0.005750523319137	0.00816984961232242
Visa_msaldototal_lag1	0.00325446833082831	0.0030592347081818	0.00468335328094916
Master_Fvencimiento_lag6	0.00313031953921884	0.00502586546988084	0.00921059478586668
Visa_mpagospesos_lag3	0.00310461286794429	0.00492996794918668	0.00924528629165149
Visa_msaldototal	0.00309741862799964	0.00367037972815908	0.00544656640821495
Master_fechaalta_lag6	0.00302443592738336	0.00502984640929683	0.00921059478586668
Visa_Finiciomora_lag1	0.00298219292186885	0.00254168259533787	0.000954016409082236
Master_fechaalta	0.00294271710693275	0.00523712165143901	0.00820454111810723
Master_fechaalta_lag1	0.00293149379985921	0.00447187525375859	0.00811781235364521
Master_Fvencimiento	0.00285521748832877	0.00544058536762203	0.00874225945777177
Master_Fvencimiento_lag3	0.0028252802052512	0.00595525828215806	0.00900244575115783
Visa_mpagosdolares_lag3	0.002798572488038	0.00129685558287699	0.00176926679502524
mrentabilidad	0.00279329192990113	0.00436565255496438	0.00376402837765173
cmobile_app_trx_lag6	0.00278373491425455	0.00651877080792294	0.00957485559660717
cmobile_app_trx	0.00274504627633743	0.00413561777753928	0.00952281833792996
internet_lag1	0.00272786955907184	0.00319196756795584	0.00537718339664533
Master_Fvencimiento_lag1	0.00272254401921881	0.00479546196904972	0.00843003590570849
Visa_mpagospesos_lag6	0.00270195053192096	0.00610022914190576	0.00870756795198696
Visa_mconsumosdolares_lag6	0.00269509459872694	0.00429164018942412	0.00815250385943002
thomebanking_lag1	0.00262647042891435	0.00342872831798159	0.00745867374373385
Visa_mconsumototal_lag3	0.00259344465722894	0.0042243802788713	0.00777089729579712
Visa_mconsumospesos_lag3	0.00256334549528958	0.00405357036057922	0.0076841685313351
Master_fechaalta_lag3	0.00253667077792244	0.00481727376706955	0.00789231756604395
mprestamos_personales_lag3	0.00250069611971907	0.00453157873358907	0.00230698513468977
Visa_mconsumosdolares_lag3	0.00245639233956702	0.0043434337401918	0.00752805675530346
cdescubierto_preacordado_lag1	0.0023972739308813	0.00611392376542486	0.00341711331980365
Visa_mconsumosdolares_lag1	0.00238256456741784	0.00415175348657051	0.00716379594456297
ccaja_seguridad	0.00238195888289789	0.00324441718063964	0.000780558880158193
Visa_fechaalta_lag3	0.00237253213449678	0.0041686581075493	0.00586286447763265
cliente_edad_lag1	0.00236186523130113	0.00614652136898289	0.00437112972888588
Visa_cconsumos	0.00235277520642334	0.00290210575698637	0.00509965135036686
Visa_mpagominimo_lag6	0.0023314157870387	0.00481438488008357	0.00643527432308199
Visa_Fvencimiento_lag1	0.00231362586251341	0.00403888989099655	0.00643527432308199
Visa_Fvencimiento_lag3	0.00226829845977304	0.00583416669206069	0.00667811486357565
Visa_mconsumospesos_lag1	0.00226756756396678	0.00385792845262499	0.00678218938093008
Visa_mconsumototal_lag6	0.0022619052565996	0.00374714672328897	0.00770151428422751
Master_msaldopesos	0.00225183839632456	0.00266833484074493	0.00379871988343654
Visa_mpagominimo_lag3	0.00220194890353863	0.0032113205640236	0.00640058281729719
cmobile_app_trx_lag3	0.00219282428431033	0.00505649055085363	0.00534249189086052
Visa_mfinanciacion_limite	0.00218820146934258	0.00515412529766523	0.0048394650569808
mextraccion_autoservicio	0.00217320580252089	0.000988687891258083	0.000745867374373385
mrentabilidad_annual_lag1	0.00212185996478855	0.0046873879022829	0.00310488976774037
cliente_edad	0.00208496591375343	0.00440888611250622	0.00357322509583529
Visa_cconsumos_lag6	0.00207969702835692	0.00433561885244736	0.0060710135123415
Master_mfinanciacion_limite	0.00205914961624326	0.00306989428408551	0.00513434285615167
Visa_mconsumospesos_lag6	0.00205268286254341	0.00343423656215649	0.00676484362803768
Master_mfinanciacion_limite_lag1	0.00202826625137124	0.00400267767232732	0.00535983764375293
Visa_mconsumototal_lag1	0.00199544939959245	0.0033924304698527	0.00610570501812631
cpayroll_trx	0.00198758253881788	0.00374910429762803	0.000901979150405023
Visa_Fvencimiento_lag6	0.00195227764040932	0.00402676981607617	0.00560267818424659
Master_mlimitecompra_lag3	0.00194731162519834	0.00371946210997883	0.00509965135036686
Master_mlimitecompra	0.00194725914306016	0.00289447818368493	0.00515168860904408
Master_mfinanciacion_limite_lag3	0.00193871524323477	0.00344374456946479	0.00518638011482888
tcallcenter	0.00193281551774022	0.00288479965564231	0.00192537857105688
Visa_fechaalta_lag6	0.00192047452612315	0.00363369820837797	0.00522107162061369
Visa_cconsumos_lag3	0.00192045203372411	0.00292700962741261	0.00511699710325927
Visa_mfinanciacion_limite_lag1	0.001884029345152	0.00415016325154061	0.00388544864789856
Visa_mconsumosdolares	0.00187965935997444	0.00291709497244405	0.00593224748920227
Master_mfinanciacion_limite_lag6	0.00187720253155069	0.00452100284940941	0.00568940694870861
tmobile_app	0.00181915004887999	0.00294008159188669	0.00542922065532254
Visa_cconsumos_lag1	0.00181906513367861	0.00331253615398279	0.00494353957433522
Master_mlimitecompra_lag1	0.00179840590127337	0.00439749923983416	0.0048394650569808
Visa_msaldopesos_lag6	0.00178817273164493	0.00371464259240619	0.00513434285615167
mcuentas_saldo_lag3	0.00177597596906387	0.00393695327884149	0.00388544864789856
Master_msaldototal	0.00174271424282289	0.00287227404033917	0.00378137413054414
Master_msaldototal_lag1	0.00174190119965353	0.00339366766790776	0.00388544864789856
Master_mlimitecompra_lag6	0.00172794056482141	0.00389077713135514	0.00520372586772129
Visa_mlimitecompra	0.00172526889657286	0.00352654161328936	0.00378137413054414
Visa_madelantodolares	0.00171917148911854	0.000327836723138541	0.000832596138835406
cproductos	0.00171460769825884	0.00434110818063171	0.00117951119668349
ccajas_transacciones	0.00168048540561779	0.00414779376997319	0.0040242146710378
Visa_msaldototal_lag3	0.00166499045613214	0.00289393773999397	0.00492619382144282
Visa_msaldopesos_lag3	0.00162797725111113	0.00266788270243423	0.00459662451648714
ccajas_transacciones_lag1	0.00159650294750476	0.00314791194914665	0.0036252623545125
ctrx_quarter_lag3	0.00159440699238698	0.003785132708233	0.00343445907269605
thomebanking_lag3	0.00156960011048841	0.00244625123846935	0.00431909247020867
Visa_msaldototal_lag6	0.00156403322059422	0.00287928698235743	0.00461397026937954
mcuenta_debitos_automaticos	0.00155769295171376	0.00345232864597616	0.00142235173717715
mrentabilidad_annual	0.00155688168008717	0.00383735818949708	0.0032263100379872
cliente_antiguedad	0.00154080323516785	0.00425162594892756	0.00374668262475933
Master_mpagominimo	0.00152217419913873	0.00284473245037221	0.00385075714211375
cmobile_app_trx_lag1	0.0015136202210915	0.00262694434659449	0.00378137413054414
Visa_mlimitecompra_lag1	0.00149213114480673	0.00282053013251255	0.00348649633137326
Master_mpagospesos_lag6	0.00148499749897332	0.00497776801139342	0.00440582123467069
Master_mpagominimo_lag1	0.00148161760158577	0.00211144512622737	0.00338242181401884
mrentabilidad_lag1	0.00147837838510669	0.00388735084569132	0.00313958127352518
mcuenta_corriente_lag3	0.00147240457677291	0.00345250350354734	0.00313958127352518
Master_msaldototal_lag6	0.00144839463270156	0.00422787890666483	0.00468335328094916
cliente_antiguedad_lag1	0.00142233909734227	0.00409897695020613	0.00352118783715807
Master_msaldopesos_lag6	0.00139298688205371	0.00257130448289966	0.00442316698756309
Master_msaldopesos_lag1	0.00137862497302229	0.00293032047939752	0.00378137413054414
Master_msaldopesos_lag3	0.00137760094493569	0.00214050913047763	0.0040415604239302
mcuenta_debitos_automaticos_lag6	0.00135455670960259	0.00363976147539752	0.00336507606112643
Visa_mfinanciacion_limite_lag6	0.00134759097440505	0.00472262885404226	0.00359057084872769
mcaja_ahorro_lag3	0.00134695199470467	0.00269653756764988	0.0028447034743543
foto_mes_lag3	0.00132739136610116	0.00201190051028213	0.00253247992229103
mcuentas_saldo_lag6	0.00131431613839098	0.00401189990976864	0.0036252623545125
mcaja_ahorro_lag6	0.00131121966594495	0.00289011431080172	0.0032263100379872
Master_mpagominimo_lag6	0.00130781399884646	0.00234878922694705	0.00383341138922135
ctrx_quarter_lag6	0.00130231919193531	0.00387557771771955	0.00331303880244922
cliente_antiguedad_lag6	0.00127932227169878	0.004515842198095	0.0036426081074049
mpasivos_margen	0.00127406442934971	0.00153292003990428	0.00157846351320879
numero_de_cliente	0.00126057118328323	0.00304506063350711	0.00317427277930999
thomebanking_lag6	0.00123929426539848	0.00204066112049861	0.00331303880244922
mpagomiscuentas	0.0012345665789866	0.00342530175549839	0.00152642625453158
Master_fultimo_cierre	0.00122246970162264	0.00228522919187258	0.00338242181401884
Master_mconsumosdolares_lag6	0.00121929379105432	0.00159804308943689	0.00365995386029731
mautoservicio_lag6	0.00120640893030235	0.00275908951883774	0.00383341138922135
mcaja_ahorro_dolares_lag6	0.00120375940646273	0.00349052086135374	0.00353853359005048
Master_msaldototal_lag3	0.00119779442763235	0.00243036678915649	0.00339976756691124
mtarjeta_master_consumo	0.00119421462185384	0.00178907586254264	0.000676484362803768
numero_de_cliente_lag1	0.00118308820477055	0.00291427169164969	0.00315692702641758
Master_mpagominimo_lag3	0.0011730130515437	0.00216383097818206	0.0036252623545125
Visa_mlimitecompra_lag3	0.00116531419706012	0.00262978192972316	0.00294877799170873
mcomisiones_otras_lag1	0.00115208754622438	0.00381564244779999	0.00244575115782901
cliente_edad_lag6	0.00112527412709587	0.0034886461482806	0.00263655443964545
mplazo_fijo_dolares	0.00112270494280003	0.00180245398924425	0.000433643822310107
mautoservicio_lag3	0.00111314530534283	0.00372365158665648	0.00315692702641758
mtransferencias_emitidas_lag6	0.00111006006172875	0.00336727930745245	0.0028100119685695
ccajas_transacciones_lag3	0.00110062604002056	0.00201517952803905	0.00277532046278469
mrentabilidad_lag6	0.00109371645139476	0.0025698537648342	0.00308754401484796
ccajas_transacciones_lag6	0.00108020058815605	0.00201337328162438	0.00286204922724671
tmobile_app_lag3	0.00107951943606691	0.00172816554251509	0.00293143223881633
Master_Finiciomora	0.0010612399723888	0.0010912495615594	0.00036426081074049
Visa_mfinanciacion_limite_lag3	0.00106050772344343	0.00266653652981898	0.00277532046278469
mcomisiones_lag1	0.00105928610769193	0.0037681883175375	0.00223760212312015
Master_mpagospesos	0.00105522996883645	0.00230778711037818	0.00194272432394928
mextraccion_autoservicio_lag6	0.00104085174743373	0.00205273653522667	0.00287939498013911
numero_de_cliente_lag3	0.00103663262308873	0.00195983973654552	0.00249778841650622
Visa_mlimitecompra_lag6	0.00101889222176641	0.00278123543784186	0.00261920868675305
mactivos_margen_lag1	0.00100972167173764	0.00362515639295769	0.00263655443964545
mtransferencias_emitidas_lag1	0.00100383428214463	0.00412188790568657	0.00209883609998092
mpagomiscuentas_lag6	0.000997225194065934	0.00373203349275178	0.0028273577214619
mrentabilidad_annual_lag6	0.000982446509309512	0.00299141691431745	0.0028273577214619
Master_fultimo_cierre_lag1	0.000978395712782685	0.00188324833717181	0.00272328320410747
Master_fultimo_cierre_lag6	0.000977199913213102	0.00404302151242506	0.00274062895699988
numero_de_cliente_lag6	0.000976611766057069	0.00174156184702226	0.00248044266361381
mcomisiones_mantenimiento	0.000972182080386025	0.00456584269750483	0.00156111776031639
Master_cconsumos_lag6	0.000970273674861774	0.00172902894214227	0.00301816100327835
Master_mpagospesos_lag1	0.000967485568673547	0.00269279847609355	0.00216821911155054
cliente_antiguedad_lag3	0.000965770001473477	0.00296029872576663	0.00256717142807584
Master_mconsumospesos_lag6	0.000948522250568936	0.00235817524918459	0.00286204922724671
Master_mconsumospesos_lag3	0.000938388356674978	0.00223013429325183	0.00277532046278469
mcaja_ahorro_dolares_lag3	0.000935048627925987	0.00258152216280951	0.00222025637022775
Master_mconsumototal_lag3	0.000927909094468518	0.00218616384253668	0.00256717142807584
Master_mconsumototal_lag6	0.000924126837321881	0.0022449002077479	0.00279266621567709
Visa_mpagosdolares	0.000923463414788664	0.00154031997540725	0.00277532046278469
mautoservicio_lag1	0.000913858722414685	0.00375589181640282	0.00194272432394928
Visa_fultimo_cierre	0.000906603376904187	0.00228204872181277	0.00234167664047458
tmobile_app_lag1	0.000905117156835817	0.00213289890452363	0.00220291061733535
cliente_edad_lag3	0.000904862147110902	0.00460139174922734	0.00261920868675305
Master_Finiciomora_lag1	0.000904288276703662	0.00244468979265433	0.000745867374373385
Master_mconsumospesos_lag1	0.000903846701143369	0.00168762977431811	0.00196007007684169
ctarjeta_debito_transacciones_lag1	0.000895929048022944	0.000551012193297889	0.000260186293386064
Master_mpagospesos_lag3	0.00088393148972785	0.00246324591801778	0.00272328320410747
mpayroll_lag3	0.000865120236184916	0.00322016143664082	0.00194272432394928
mcomisiones_otras_lag6	0.000855781469852099	0.00365314089392288	0.00253247992229103
Visa_fultimo_cierre_lag1	0.000854111251487182	0.00201972554807028	0.00199476158262649
Master_mpagosdolares_lag6	0.000839945010956669	0.00114210940057893	0.00308754401484796
mpayroll_lag6	0.00083117277097365	0.00187284657237832	0.00235902239336698
mcaja_ahorro_dolares_lag1	0.000830946163536081	0.00372138415916491	0.0020121073355189
mrentabilidad_lag3	0.000820035388118176	0.00182350222715775	0.00204679884130371
mtransferencias_recibidas_lag6	0.000816440520235029	0.00192320822879796	0.00239371389915179
Master_fultimo_cierre_lag3	0.000798804341819535	0.00173383637193559	0.00239371389915179
mtarjeta_visa_consumo_lag3	0.000793637416152781	0.00151021937487487	0.00206414459419611
Visa_fultimo_cierre_lag3	0.000781078269762374	0.00171602452159542	0.00164784652477841
mextraccion_autoservicio_lag1	0.000778571684214656	0.00205903242279342	0.00112747393800628
Master_cconsumos_lag3	0.00077841096161873	0.00138888187690036	0.00234167664047458
Master_mpagosdolares_lag3	0.00077095974431689	0.00094595187040426	0.00234167664047458
mpasivos_margen_lag1	0.00076795011236361	0.00138823347365357	0.00176926679502524
Visa_mpagosdolares_lag6	0.000733332531496312	0.00170082852206544	0.00185599555948726
ccaja_seguridad_lag1	0.000730682765059871	0.000793079755267468	0.000190803281816447
mtransferencias_emitidas_lag3	0.000729398456695971	0.00238111213341306	0.0020121073355189
Master_mconsumosdolares_lag3	0.000726758803838386	0.000952283375397117	0.00215087335865813
mextraccion_autoservicio_lag3	0.000708044114309362	0.00220860374371588	0.00175192104213283
mcomisiones_lag6	0.000707936014621475	0.00159560726349286	0.00185599555948726
mcomisiones_otras	0.000699565741030683	0.00259489927450675	0.00185599555948726
Master_mconsumototal_lag1	0.000697758899380242	0.00177345079298312	0.00187334131237966
ctarjeta_visa_transacciones_lag3	0.000687121887695217	0.001872299946388	0.00166519227767081
mcomisiones	0.000685613812277321	0.00202334763730458	0.00173457528924043
mtarjeta_visa_consumo_lag6	0.000675313979905421	0.00110819358316241	0.00204679884130371
Visa_mpagosdolares_lag1	0.000667901055251472	0.00103672850950074	0.0020294530884113
mactivos_margen_lag6	0.000648797760393706	0.00200903266156858	0.00194272432394928
Master_cconsumos_lag1	0.000646481265893445	0.00102793165116397	0.00152642625453158
cdescubierto_preacordado_lag3	0.000642840646640972	0.00190832475834111	0.000919324903297428
mactivos_margen_lag3	0.0006411344800493	0.00265731466147016	0.00187334131237966
matm	0.000640356959771644	0.000445281217984842	0.000416298069417703
Master_mconsumototal	0.000638881742460509	0.00152283218828079	0.00169988378345562
mcuenta_corriente_lag6	0.000610307788476429	0.00225057823447212	0.00187334131237966
mrentabilidad_annual_lag3	0.000604206653662551	0.00211335185807476	0.00164784652477841
Master_cadelantosefectivo_lag6	0.000592738070788271	0.00072061905459102	0.00216821911155054
mpasivos_margen_lag6	0.000589966251180073	0.00221999965915415	0.00183864980659486
mcomisiones_lag3	0.000579338405370103	0.00153361522562526	0.0011968569495759
Visa_status_lag1	0.000574823725412313	0.000636432285236369	0.000468335328094916
mcaja_ahorro_dolares	0.000559868964764796	0.00234747387355543	0.00133562297271513
Visa_madelantopesos	0.000557565602338217	0.000395157441680501	0.000954016409082236
cplazo_fijo	0.00055409606945811	0.00223504294666287	0.000537718339664533
Master_delinquency_lag1	0.00054368257097096	0.00118487873203075	0.00116216544379109
matm_lag6	0.000541414670177239	0.00178753277907942	0.00145704324296196
Visa_mpagado_lag1	0.000539776064663531	0.00182928885934965	0.000919324903297428
mcuenta_debitos_automaticos_lag1	0.000538449541168306	0.00230601426683463	0.00105809092643666
Master_madelantopesos_lag6	0.000538061427394427	0.000651210287511768	0.00189068706527207
tcallcenter_lag6	0.000533886950320146	0.001843327200258	0.00126623996114551
Master_mconsumospesos	0.000530143957790613	0.00127042514587685	0.00145704324296196
mpagomiscuentas_lag3	0.000525415107679371	0.00200148905681056	0.00142235173717715
mttarjeta_visa_debitos_automaticos_lag6	0.000520356437947174	0.00173304771353936	0.00142235173717715
Master_madelantodolares	0.000510954278524756	0.000341377619632001	0.000763213127265789
ctarjeta_visa_transacciones_lag6	0.00051027442161106	0.00184144298305302	0.00168253803056322
mtransferencias_recibidas	0.000508045056628023	0.00177266287277189	0.000659138609911363
Master_mconsumosdolares_lag1	0.000506325695608566	0.00103164084622792	0.00150908050163917
mtarjeta_visa_consumo_lag1	0.000489372142624461	0.0016580838275379	0.0012142027024683
mcomisiones_otras_lag3	0.000485265033854789	0.00120497711039929	0.00107543667932907
mttarjeta_visa_debitos_automaticos_lag1	0.000480496581981994	0.00390507595929433	0.001630500771886
Master_madelantodolares_lag6	0.000473353511110916	0.000669240548337937	0.00196007007684169
Master_madelantopesos_lag3	0.00047103793705884	0.000572069012611981	0.00154377200742398
Master_cconsumos	0.000467377987637409	0.00114520608664157	0.00126623996114551
Visa_madelantopesos_lag1	0.000462211549850212	0.000294134241186166	0.000797904633050598
chomebanking_transacciones_lag1	0.000460124630739186	0.00335666097763545	0.00117951119668349
Visa_mpagado	0.000451750693568687	0.00224578409200875	0.00112747393800628
active_quarter	0.000446330387581822	0.00113468538179043	0.000919324903297428
mprestamos_personales_lag6	0.000445645771556217	0.00215142448748282	0.0011968569495759
chomebanking_transacciones_lag6	0.000439937395369396	0.00207321240294808	0.00114481969089868
Master_cadelantosefectivo_lag3	0.000439876813014958	0.00054972286092741	0.00142235173717715
Master_mconsumosdolares	0.00043152704223271	0.000937965908286755	0.00128358571403792
mtransferencias_emitidas	0.000421342989800319	0.00165361227191825	0.000971362161974641
mpasivos_margen_lag3	0.000419401965737847	0.00082794183357709	0.00117951119668349
cextraccion_autoservicio	0.000417392426862192	0.00138019500812815	0.000346915057848086
mcuenta_debitos_automaticos_lag3	0.000416672457296889	0.0027478371803814	0.00143969749006956
Master_mpagosdolares	0.000405388851326282	0.000757213468542479	0.0011968569495759
Visa_msaldodolares_lag1	0.00040243807304183	0.00142710094375721	0.00102339942065185
tcallcenter_lag1	0.000395258488451527	0.00118370658652855	0.00102339942065185
mtransferencias_recibidas_lag1	0.000381713770331665	0.00322212869965797	0.000936670656189832
cseguro_accidentes_personales_lag1	0.000375790031744111	0.00168218436814109	0.00109278243222147
Visa_fultimo_cierre_lag6	0.000373157892114303	0.00252718178152887	0.0012142027024683
matm_lag1	0.00037306911047245	0.000511311865971326	0.000537718339664533
Visa_cadelantosefectivo_lag1	0.000372426026138735	0.000315310738742904	0.000745867374373385
foto_mes_lag6	0.000367149414904431	0.000854271692871388	0.00109278243222147
ctarjeta_debito_transacciones_lag6	0.000365031371316451	0.00122256732069409	0.00109278243222147
Visa_mpagado_lag3	0.000360969045926844	0.00173564169561901	0.000832596138835406
mcomisiones_mantenimiento_lag3	0.000359279869617736	0.00194334019458387	0.000901979150405023
matm_lag3	0.00035590872697393	0.00133640006089605	0.000988707914867045
Master_madelantopesos_lag1	0.00034882409392607	0.000425668934436861	0.00102339942065185
Master_msaldodolares_lag6	0.000336431383032845	0.000912362976668306	0.000832596138835406
ccaja_ahorro_lag1	0.000334363490419572	0.00729497980644836	0.00178661254791764
Visa_delinquency_lag3	0.00032406531596056	0.000613509703342224	0.00036426081074049
Master_madelantodolares_lag3	0.000323998692194922	0.000497868871263099	0.0012142027024683
Master_cadelantosefectivo_lag1	0.000314282521500052	0.000328822015563358	0.000919324903297428
active_quarter_lag1	0.000309703370696089	0.00108507916544215	0.000815250385943002
Visa_msaldodolares_lag3	0.000307512404047684	0.00159787856645567	0.000884633397512619
mttarjeta_visa_debitos_automaticos	0.00030472039786946	0.00201209935886572	0.000919324903297428
Visa_msaldodolares_lag6	0.000301017071943402	0.00132788398967754	0.000867287644620215
chomebanking_transacciones_lag3	0.000300795029885734	0.00212216864740645	0.000936670656189832
cprestamos_personales	0.000298488201166582	0.00186523431641558	0.00048568108098732
mttarjeta_visa_debitos_automaticos_lag3	0.000296160665716636	0.00222741832610142	0.00112747393800628
Master_status_lag1	0.000289412617413257	0.000325513654952811	0.000537718339664533
Master_mpagosdolares_lag1	0.000286553545605243	0.000457517280222885	0.00109278243222147
foto_mes	0.000284577139650104	0.000535706296476472	0.000797904633050598
tcallcenter_lag3	0.000282107039850497	0.000997209129771577	0.000745867374373385
ctarjeta_debito_transacciones_lag3	0.000273678471600902	0.0022438677637564	0.000936670656189832
mttarjeta_master_debitos_automaticos_lag6	0.000264733789275182	0.00196753070148358	0.000711175868588576
Master_mpagado_lag3	0.000262162285963941	0.00111171813970397	0.000780558880158193
mtransferencias_recibidas_lag3	0.000262079945399884	0.0011229299702586	0.000780558880158193
Visa_msaldodolares	0.000261329951367275	0.00109041559705898	0.000641792857018959
Master_madelantopesos	0.000259514802594763	0.000328844345659519	0.00072852162148098
mtarjeta_master_consumo_lag6	0.000258477027948452	0.000731255839032946	0.000676484362803768
ccajas_depositos	0.000257488013001205	0.00201874846795356	0.00048568108098732
chomebanking_transacciones	0.000257386078281917	0.00151952465812836	0.000832596138835406
Visa_mpagado_lag6	0.000256535868332827	0.00161362377562346	0.000832596138835406
Visa_madelantodolares_lag3	0.00025090129973897	0.000354614937545424	0.000537718339664533
matm_other_lag6	0.000241974215855037	0.00201068370458762	0.000867287644620215
ccajas_consultas	0.000241369225887091	0.00226396291256558	0.000555064092556937
mtarjeta_master_consumo_lag1	0.000232144493954864	0.00193835430856752	0.00072852162148098
mpagomiscuentas_lag1	0.000229569253826085	0.000817165439897597	0.000572409845449342
Visa_madelantopesos_lag3	0.000227667973109737	0.000305157465474049	0.000624447104126555
Master_mpagado_lag1	0.0002265020642151	0.000317559896155803	0.00048568108098732
mcheques_emitidos_lag1	0.000224400455815329	0.00320775826777407	0.000780558880158193
ccomisiones_otras	0.000217962930059878	0.00310473744640458	0.000797904633050598
mcomisiones_mantenimiento_lag1	0.000213137005975377	0.00171118138210287	0.000641792857018959
ctarjeta_master	0.000208153414422668	0.000354332581784051	0.000312223552063277
Master_mpagado_lag6	0.000205892437281559	0.000497345959465811	0.000520372586772129
matm_other_lag1	0.000199893248992671	0.0016657255186274	0.000520372586772129
cprestamos_personales_lag1	0.000199582988361385	0.00177640888481256	0.000433643822310107
foto_mes_lag1	0.000196127584714701	0.000607817743376189	0.000433643822310107
matm_other_lag3	0.00019288554157506	0.00312405371776874	0.000954016409082236
Master_cadelantosefectivo	0.000183583703711147	0.000257261439217693	0.000641792857018959
Visa_madelantodolares_lag1	0.000183175483606326	0.0002119242389805	0.000589755598341746
Master_msaldodolares_lag3	0.000182494818555472	0.000471343854310206	0.000503026833879725
Master_msaldodolares_lag1	0.000181846935164991	0.000360409320679799	0.00048568108098732
Master_mpagado	0.000168773904008415	0.000220607047735224	0.000381606563632894
ccajas_depositos_lag1	0.000164142859946898	0.00158615951053494	0.000381606563632894
ccomisiones_otras_lag6	0.000159916203374315	0.00220175430967446	0.000693830115696172
ctarjeta_visa_transacciones_lag1	0.000159237311682919	0.000417627239352079	0.000450989575202512
catm_trx	0.000156845874028086	0.000138587220439425	3.46915057848086e-05
Master_msaldodolares	0.000146228128264016	0.000263461085915452	0.000416298069417703
Visa_cadelantosefectivo_lag3	0.000142541648447864	0.000124313675336388	0.000294877799170873
Master_madelantodolares_lag1	0.000140331974544056	0.000220709932269188	0.000589755598341746
Master_delinquency_lag3	0.00014003828433621	0.000202750075837113	0.000312223552063277
mtarjeta_master_consumo_lag3	0.00013588782220796	0.000483668683294145	0.000398952316525299
cseguro_accidentes_personales	0.000133841871429919	0.000520363951770826	0.00036426081074049
Master_status_lag6	0.000130964825653863	0.000310896207914272	0.000294877799170873
Master_status_lag3	0.000119871179185461	0.000182557302062073	0.000329569304955682
cproductos_lag6	0.000118101792794221	0.000987935680746085	0.000346915057848086
ccaja_ahorro_lag3	0.00011568495928683	0.00151406135096517	0.00036426081074049
mttarjeta_master_debitos_automaticos_lag1	0.000115562721533602	0.00200813650498216	0.000589755598341746
Master_delinquency_lag6	0.000111770824763421	0.000418513522714167	0.000329569304955682
mcheques_depositados	9.79559718027527e-05	0.000720981595697699	0.000173457528924043
ctransferencias_recibidas_lag6	9.23023442657276e-05	0.00184086729102845	0.000450989575202512
ctarjeta_master_transacciones_lag6	9.07128298995042e-05	0.00124786178325689	0.000381606563632894
internet_lag6	8.67474984313324e-05	0.000197171150448752	0.000312223552063277
ccomisiones_mantenimiento	7.92716979921547e-05	0.00215258436065944	0.000520372586772129
ctarjeta_master_transacciones_lag1	7.78569315293335e-05	0.00122753124570678	0.000329569304955682
cextraccion_autoservicio_lag6	7.7414159501445e-05	0.00122616006707475	0.000398952316525299
ccomisiones_otras_lag3	7.68368530984614e-05	0.00105513958151226	0.000346915057848086
Visa_Finiciomora_lag3	7.67732666066518e-05	0.000807124555294543	0.000208149034708852
Visa_madelantopesos_lag6	7.6025274713684e-05	0.000240400278880608	0.000208149034708852
ccallcenter_transacciones	7.24642902194259e-05	0.00158219499573513	0.000381606563632894
cprestamos_personales_lag6	7.13327303709022e-05	0.00200924470520898	0.00048568108098732
ctarjeta_master_transacciones_lag3	6.70737000607079e-05	0.00107707345687598	0.000312223552063277
Visa_status_lag3	6.480288510337e-05	0.000146229280621427	0.000156111776031639
mforex_sell_lag3	6.47678140312892e-05	0.000974896473231247	0.000312223552063277
mttarjeta_master_debitos_automaticos_lag3	6.47128493684594e-05	0.000998067546650026	0.000294877799170873
cseguro_vida	6.46674142320638e-05	0.00125408920416517	0.000329569304955682
mforex_sell_lag6	6.13750968258352e-05	0.000276249771896914	0.000138766023139234
mplazo_fijo_dolares_lag6	6.03099486092526e-05	0.000542034387363718	0.000225494787601256
ctarjeta_master_transacciones	5.87962024299908e-05	0.00135957261068483	0.000346915057848086
Visa_cadelantosefectivo_lag6	5.57986915446669e-05	0.000222601808143513	0.000173457528924043
mcomisiones_mantenimiento_lag6	5.54640048276467e-05	0.000380942397738481	0.000173457528924043
mplazo_fijo_dolares_lag3	5.52835545915706e-05	0.00109035866454108	0.000294877799170873
ccomisiones_otras_lag1	5.07691910176357e-05	0.00130435222061458	0.00036426081074049
Visa_delinquency_lag6	4.99312742918012e-05	0.000153481671398109	0.000104074517354426
mcheques_depositados_lag1	4.98717939481673e-05	0.000937276074407008	0.000225494787601256
cextraccion_autoservicio_lag3	4.94842158104784e-05	0.000685686202794806	0.000190803281816447
mprestamos_prendarios_lag1	4.84791184569958e-05	0.00021629447870931	5.20372586772129e-05
ccajas_consultas_lag1	4.67534339105296e-05	0.00128923963598926	0.000312223552063277
cprestamos_personales_lag3	4.54131159003476e-05	0.000246528229360527	6.93830115696172e-05
cdescubierto_preacordado_lag6	3.83838270344293e-05	0.000665923144961176	0.000225494787601256
cprestamos_prendarios_lag1	3.52549083172773e-05	0.00014419631913954	3.46915057848086e-05
cseguro_accidentes_personales_lag6	3.46868759188413e-05	0.000301403517944655	0.00012142027024683
cseguro_vida_lag1	3.41073978928511e-05	0.000186163428045807	6.93830115696172e-05
cproductos_lag1	3.34240776324178e-05	7.81473088012538e-05	6.93830115696172e-05
cextraccion_autoservicio_lag1	3.32876411083954e-05	0.000316205880324957	0.00012142027024683
ccheques_depositados	3.1626759040988e-05	0.00021629447870931	5.20372586772129e-05
ctransferencias_recibidas_lag1	3.14724635315366e-05	0.000502339319605259	0.00012142027024683
matm_other	2.95811010801173e-05	0.000479709151243071	0.000156111776031639
cplazo_fijo_lag1	2.94037236355917e-05	7.20981595697699e-05	1.73457528924043e-05
mttarjeta_master_debitos_automaticos	2.91581412551875e-05	0.000125590089469419	8.67287644620215e-05
ctarjeta_visa_lag1	2.81334304280539e-05	0.000129745055998462	6.93830115696172e-05
cpagomiscuentas_lag6	2.72868530575242e-05	0.000378987776139406	0.000138766023139234
ctransferencias_recibidas_lag3	2.67376269626213e-05	0.000696111774054449	0.000173457528924043
ctarjeta_visa_debitos_automaticos_lag6	2.61625688302666e-05	0.000174936280152487	6.93830115696172e-05
ccallcenter_transacciones_lag1	2.49054786899305e-05	0.000592579759574501	0.000156111776031639
catm_trx_lag3	2.31574709930195e-05	0.000348313329044947	0.000104074517354426
active_quarter_lag3	2.23179019161678e-05	0.000124790173751986	6.93830115696172e-05
ctarjeta_visa_debitos_automaticos_lag3	2.19297766021042e-05	0.000247176078968567	8.67287644620215e-05
cpagomiscuentas_lag1	2.06989793687621e-05	0.000379941695701849	0.000104074517354426
ccallcenter_transacciones_lag6	2.012994482726e-05	4.83229740040271e-05	3.46915057848086e-05
cforex_lag1	1.99198771271123e-05	0.000648883436127929	0.000156111776031639
ccajas_otras_lag1	1.99073958175674e-05	0.000709973873294753	0.000173457528924043
cseguro_accidentes_personales_lag3	1.97185261487417e-05	8.41008630756193e-05	5.20372586772129e-05
Visa_madelantodolares_lag6	1.96387704072415e-05	9.11079918870302e-05	8.67287644620215e-05
Visa_status_lag6	1.95834059604308e-05	0.000208475346401139	8.67287644620215e-05
active_quarter_lag6	1.92905848544234e-05	0.000864318759773792	0.000208149034708852
cpagomiscuentas	1.76714779770883e-05	0.000344819776273264	8.67287644620215e-05
mcheques_emitidos	1.75500192212815e-05	0.000570698664438074	0.000138766023139234
mpagodeservicios_lag3	1.72824234112213e-05	0.000485588241105859	0.00012142027024683
minversion1_pesos_lag6	1.72066205226523e-05	0.000639410953972607	0.000156111776031639
ccallcenter_transacciones_lag3	1.68146112222493e-05	0.000495303032486464	0.00012142027024683
ctarjeta_visa_debitos_automaticos_lag1	1.56788165255166e-05	0.000179902696539542	5.20372586772129e-05
ccheques_emitidos	1.52400996666385e-05	0.000648883436127929	0.000156111776031639
catm_trx_lag1	1.46235867974561e-05	6.27845717350636e-05	3.46915057848086e-05
ctarjeta_debito_lag3	1.41381716815646e-05	0.000556818295119093	0.000138766023139234
catm_trx_lag6	1.33000565841709e-05	0.000117283662790068	5.20372586772129e-05
ccajas_consultas_lag6	1.22434029275289e-05	0.000424306983117296	0.000104074517354426
cseguro_vida_lag3	1.14982606804668e-05	0.000440028293545805	0.00012142027024683
cinversion1_lag6	1.11541087423103e-05	0.000430220029489948	0.000104074517354426
internet_lag3	1.03243166644377e-05	1.86186865419463e-05	3.46915057848086e-05
mforex_buy_lag6	9.78854808537756e-06	0.000335115504028867	8.67287644620215e-05
ccheques_depositados_lag1	9.6475190540546e-06	5.63036765534277e-05	1.73457528924043e-05
ccajas_extracciones	8.78634947878619e-06	0.000325443158285593	8.67287644620215e-05
catm_trx_other_lag6	8.72376584553977e-06	0.000192368334311669	5.20372586772129e-05
cseguro_vivienda	8.71918755874323e-06	0.00021629447870931	5.20372586772129e-05
ctransferencias_emitidas_lag1	7.00920504238908e-06	8.52026041837225e-05	3.46915057848086e-05
cseguro_vivienda_lag6	6.35120550732285e-06	5.29411516187219e-05	1.73457528924043e-05
mcheques_depositados_lag6	6.20693536376665e-06	0.000124942608953878	3.46915057848086e-05
ccaja_ahorro_lag6	5.90718887230285e-06	0.000288392638279079	6.93830115696172e-05
catm_trx_other_lag3	5.85827007017158e-06	0.000206277031479912	5.20372586772129e-05
mforex_sell_lag1	5.63494626660283e-06	0.00021629447870931	5.20372586772129e-05
cpagomiscuentas_lag3	4.60653927110738e-06	1.22487959292424e-05	1.73457528924043e-05
ccuenta_debitos_automaticos_lag6	4.1674848764924e-06	0.00021629447870931	5.20372586772129e-05
ctransferencias_emitidas_lag3	4.060269610046e-06	0.000119171570920034	3.46915057848086e-05
cproductos_lag3	3.93789868492806e-06	1.3595983548866e-05	1.73457528924043e-05
ctransferencias_recibidas	3.37318046886236e-06	6.78362484892783e-05	1.73457528924043e-05
ctransferencias_emitidas_lag6	3.03316768118339e-06	3.89770905756998e-05	1.73457528924043e-05
ccajas_otras_lag6	3.01454490264558e-06	0.00014419631913954	3.46915057848086e-05
mpagodeservicios_lag1	2.56755027943521e-06	7.20981595697699e-05	1.73457528924043e-05
cseguro_vida_lag6	1.76046906197549e-06	5.88160891909011e-05	1.73457528924043e-05
cforex_sell_lag1	1.21436423354872e-06	7.20981595697699e-05	1.73457528924043e-05
ctarjeta_debito_lag6	1.19435258578521e-06	7.20981595697699e-05	1.73457528924043e-05
