Feature	Gain	Cover	Frequency
Visa_status	0.0727873730687933	0.00904637603120556	0.00486680327868853
Visa_delinquency_lag1	0.0720999716831233	0.00920348327318767	0.00435450819672131
mcaja_ahorro_lag1	0.0697906499823654	0.0107360471366056	0.0037568306010929
internet	0.0619668935812989	0.00393061419636872	0.00674521857923497
Visa_Finiciomora_lag1	0.0415631543835463	0.00356449247552484	0.00119535519125683
mcaja_ahorro	0.0363182326627695	0.0101261936681626	0.00332991803278689
cdescubierto_preacordado	0.0362550768849916	0.00848858941548573	0.00589139344262295
mcuenta_corriente	0.0299720171953162	0.011988007992561	0.00674521857923497
mtarjeta_visa_consumo_lag1	0.0281200948248017	0.00117204926615086	0.00179303278688525
ctarjeta_visa	0.0263099983566959	0.00235141453271912	0.000512295081967213
mcuentas_saldo	0.0254861907550549	0.0200005143579421	0.00836748633879781
Visa_mpagospesos	0.0221217634248785	0.00643156820545599	0.00759904371584699
ctrx_quarter	0.0200798087523992	0.00973646937152311	0.0037568306010929
mpayroll	0.0186661080489197	0.0206997576353539	0.00537909836065574
mprestamos_personales	0.0179463624094029	0.0208432086723283	0.0076844262295082
mautoservicio	0.0155499924442877	0.00463732074861029	0.00290300546448087
ctarjeta_visa_transacciones	0.0135378235558494	0.00720431540159142	0.00247609289617486
Visa_delinquency	0.0119090101625278	0.00491117875253919	0.0038422131147541
mprestamos_personales_lag1	0.0109399267475407	0.00854661964776647	0.00572062841530055
Visa_status_lag3	0.0103857667610828	0.00187506984427299	0.000597677595628415
Visa_msaldopesos_lag1	0.00957253200097806	0.0043035319319953	0.00486680327868853
Visa_msaldopesos	0.00859110102164343	0.0060501562741131	0.00725751366120219
mtarjeta_visa_consumo	0.00831025389964036	0.00693351395879057	0.0037568306010929
Visa_msaldototal	0.00724727168704555	0.00684133827741818	0.00683060109289618
mpayroll_lag1	0.00677222173946774	0.010219046482727	0.00341530054644809
Visa_mconsumospesos	0.00592921514723728	0.00301684557968176	0.00520833333333333
Visa_mpagominimo	0.00561897777454388	0.00777085620584491	0.00717213114754098
Master_status	0.00554460876375716	0.00433378571644746	0.00435450819672131
mcuenta_corriente_lag1	0.00487905694621176	0.0035242413090358	0.00418374316939891
cextraccion_autoservicio	0.00417844064196825	0.000642870087960638	8.53825136612022e-05
Master_delinquency	0.00415689299321195	0.00274412051913733	0.00256147540983607
Visa_fechaalta	0.00367724211582284	0.00780083601052435	0.00887978142076503
mactivos_margen	0.00328767683360124	0.00961818004448629	0.00452527322404372
Visa_msaldototal_lag1	0.00309476533713038	0.00474828831589514	0.00478142076502732
mrentabilidad	0.00306303780498656	0.00431931909079077	0.0040129781420765
ccaja_seguridad	0.00305562389371726	0.0109287914953309	0.00145150273224044
Visa_mpagominimo_lag1	0.00302208298413115	0.00743262118294836	0.0076844262295082
cdescubierto_preacordado_lag1	0.00287512656397552	0.00823799747766158	0.00315915300546448
tmobile_app_lag6	0.00269733617113937	0.00513642385895768	0.0176741803278689
mprestamos_personales_lag3	0.0026454380547635	0.0089969782186706	0.00350068306010929
ccaja_ahorro	0.0025805045171587	0.00959142958097175	0.00128073770491803
Master_msaldototal	0.00249705383618619	0.00614454024890883	0.00469603825136612
Visa_fechaalta_lag1	0.0024004134877214	0.00431191423206869	0.00648907103825137
thomebanking	0.0023806795241726	0.00368925282632268	0.0077698087431694
Visa_mconsumospesos_lag1	0.00236795387062936	0.00483250459690338	0.00853825136612022
Visa_Finiciomora	0.00232734197861762	0.00568774850129938	0.00187841530054645
mextraccion_autoservicio	0.00230817087049131	0.00107392172389008	0.00119535519125683
ctrx_quarter_lag1	0.00229220099121234	0.00426254521620654	0.00315915300546448
Master_fechaalta_lag1	0.00225688711744531	0.0037394429587409	0.00870901639344262
Visa_mpagospesos_lag3	0.00223937192355328	0.00423178625583712	0.00819672131147541
Master_mpagominimo	0.00223045770241322	0.00273342296657018	0.00418374316939891
cmobile_app_trx	0.0022077691644007	0.00380993474548882	0.0109289617486339
Master_Fvencimiento	0.00206948602786548	0.00324240251292865	0.00811133879781421
cliente_edad_lag1	0.00204594595514803	0.00901591737899543	0.00495218579234973
cliente_edad	0.00202818828814757	0.0061143975373375	0.0039275956284153
Master_fechaalta	0.00200988026804992	0.004231374874797	0.00717213114754098
Visa_mconsumototal	0.00199266640501982	0.00258009631634673	0.00657445355191257
Visa_mpagominimo_lag3	0.00198090255528757	0.00340759586063527	0.00606215846994536
Master_fechaalta_lag6	0.00196185233797568	0.00368194505352607	0.00836748633879781
tcallcenter	0.00193041851230201	0.00321864114405159	0.00230532786885246
Visa_mpagospesos_lag6	0.0019038782034697	0.00423065660350096	0.00742827868852459
Master_Fvencimiento_lag6	0.0018969400329666	0.0031475199443123	0.0077698087431694
Master_Finiciomora	0.00187212983851335	0.00100893750650723	0.000426912568306011
Master_Fvencimiento_lag1	0.00184829823938424	0.00311375707958796	0.00759904371584699
mrentabilidad_annual_lag1	0.00183071928023961	0.00618512957061285	0.00290300546448087
Master_mfinanciacion_limite_lag1	0.00182340417459709	0.00383179635672263	0.00631830601092896
Visa_mconsumototal_lag6	0.00180886019867509	0.00355687040761358	0.00913592896174863
Visa_mlimitecompra_lag1	0.00180394494237994	0.0021203780040179	0.00332991803278689
Visa_fechaalta_lag6	0.00179484902653922	0.0027862434693589	0.00546448087431694
cproductos	0.0017884664472075	0.00488599894183582	0.00102459016393443
Master_fechaalta_lag3	0.00178329176959955	0.00382201042454036	0.0079405737704918
Visa_mpagominimo_lag6	0.00177009649364107	0.0032638963495126	0.00742827868852459
Visa_mpagospesos_lag1	0.00176677502938482	0.00345860217303708	0.00640368852459016
ccajas_transacciones_lag1	0.00175309855623537	0.00385048128356466	0.00512295081967213
Visa_Fvencimiento_lag1	0.00172669040070973	0.00390180600489152	0.00623292349726776
Visa_mconsumosdolares_lag1	0.00171523516954264	0.0034195719854751	0.00717213114754098
Visa_cconsumos	0.00171476836418647	0.00380984917823247	0.00512295081967213
Visa_Fvencimiento	0.00169268047067119	0.00282794516539539	0.00546448087431694
Visa_mconsumospesos_lag3	0.0016904831617368	0.00278963736293985	0.00742827868852459
Master_mlimitecompra	0.0016744017915127	0.00296421513493357	0.00503756830601093
mcuentas_saldo_lag1	0.00167232674054209	0.00370430443581842	0.00307377049180328
mrentabilidad_annual	0.00167177919292605	0.00782637865930511	0.00324453551912568
Master_Fvencimiento_lag3	0.00165752605605615	0.00379314628524171	0.00657445355191257
cmobile_app_trx_lag3	0.00165157005494701	0.00427806497732593	0.00503756830601093
ccajas_transacciones	0.00165100186748525	0.00492167884220709	0.00589139344262295
Visa_fechaalta_lag3	0.00164258002365573	0.0043503314618809	0.00580601092896175
Visa_cconsumos_lag6	0.00163431116505215	0.00237806708754611	0.00580601092896175
mrentabilidad_lag1	0.00162751080145306	0.00413384136675815	0.00341530054644809
Visa_mconsumosdolares	0.00162272183602787	0.00264998419572775	0.00606215846994536
mcuenta_debitos_automaticos	0.00161418256107653	0.00782802912003805	0.00221994535519126
Visa_mlimitecompra	0.00159738202804123	0.00469815824510877	0.00418374316939891
thomebanking_lag1	0.00158669858306936	0.00252983213534128	0.00623292349726776
cmobile_app_trx_lag6	0.00157811102577723	0.00436731738502726	0.00836748633879781
Visa_mconsumosdolares_lag6	0.00157089507004084	0.00350686292837717	0.00742827868852459
Master_mfinanciacion_limite	0.00155944779624703	0.00227524980142802	0.00597677595628415
Visa_cconsumos_lag3	0.00153749124778618	0.00312581548063582	0.00478142076502732
ctrx_quarter_lag3	0.00152665960502602	0.00302748060233082	0.00367144808743169
Visa_status_lag1	0.00152253700213145	0.00120875515083618	0.00076844262295082
Visa_mconsumosdolares_lag3	0.00152143459144937	0.00229860308031328	0.00623292349726776
mplazo_fijo_dolares	0.00151707687167157	0.00970510897207305	0.00153688524590164
Visa_Fvencimiento_lag6	0.00151608948713835	0.00339210900999909	0.00529371584699454
Visa_msaldopesos_lag3	0.00149286179915946	0.00217423847807603	0.00452527322404372
Visa_mconsumototal_lag1	0.00147084226110294	0.00331980632391258	0.00554986338797814
tmobile_app	0.00147043889358336	0.00270974305113906	0.00606215846994536
Master_msaldopesos	0.00143855538338128	0.00440351809379532	0.00435450819672131
Visa_Fvencimiento_lag3	0.00141878588380239	0.00388315645681894	0.00520833333333333
Visa_msaldopesos_lag6	0.00140774566162935	0.0022325920558543	0.00529371584699454
ctarjeta_debito_transacciones	0.00139666188594769	0.00311288001521044	0.00076844262295082
Master_mlimitecompra_lag3	0.00138482301893783	0.00366166314548631	0.00503756830601093
Visa_mconsumototal_lag3	0.00137018516047562	0.00259287134316647	0.00640368852459016
Visa_mconsumospesos_lag6	0.00134190003401247	0.00200552699971435	0.00580601092896175
foto_mes_lag3	0.00133882478106073	0.0020383239417565	0.00298838797814208
Master_mfinanciacion_limite_lag3	0.00133690251694607	0.00340265599710556	0.00572062841530055
Master_mfinanciacion_limite_lag6	0.00133468796487674	0.00329903487243508	0.00546448087431694
mpagomiscuentas	0.00130733341346937	0.00673456844226666	0.00221994535519126
Master_msaldototal_lag6	0.00128836297813974	0.00207314323299186	0.00512295081967213
thomebanking_lag3	0.00124944604651014	0.00291048794833244	0.00435450819672131
Master_msaldopesos_lag6	0.00124360037521405	0.00236350584425019	0.00495218579234973
mcomisiones_lag1	0.00122897831683575	0.00346065249614102	0.00264685792349727
Visa_cconsumos_lag1	0.00122219535669926	0.00267365588353807	0.00426912568306011
mactivos_margen_lag1	0.00121898259744824	0.00255882956209693	0.00204918032786885
Visa_mfinanciacion_limite_lag1	0.00117527677710433	0.00247482308541915	0.00350068306010929
Master_mpagominimo_lag6	0.00117256844508013	0.00252054315145548	0.00512295081967213
matm	0.00116488719882182	0.00133058811415256	0.00179303278688525
Visa_mfinanciacion_limite_lag3	0.00114628713566343	0.00238672994948886	0.00324453551912568
Master_cconsumos_lag6	0.00113911817291358	0.00216235943916166	0.00452527322404372
Master_msaldototal_lag1	0.00113869468784291	0.00366818682602046	0.0040129781420765
Master_mlimitecompra_lag6	0.00113571251203411	0.0024156985795717	0.00503756830601093
mcuenta_corriente_lag3	0.00113041597731033	0.00420740781539989	0.00332991803278689
cmobile_app_trx_lag1	0.00112449664858753	0.00239175538027491	0.00469603825136612
mcuentas_saldo_lag3	0.00111934206320894	0.00415211655808423	0.00332991803278689
mautoservicio_lag6	0.00111606677734578	0.00251402029368341	0.00435450819672131
cliente_antiguedad_lag1	0.00111469844708256	0.00445569108282691	0.00281762295081967
active_quarter	0.00110662316879368	0.00160632695219688	0.000939207650273224
internet_lag1	0.00109698775748218	0.00252921259549487	0.00367144808743169
Master_mpagominimo_lag3	0.00108881499037303	0.00225485106117286	0.00350068306010929
Master_mpagospesos_lag3	0.0010670558418427	0.00210964342715713	0.00341530054644809
mcuenta_debitos_automaticos_lag6	0.0010644084670853	0.00313045585876832	0.00324453551912568
Visa_mfinanciacion_limite_lag6	0.00105001079104469	0.00277620659474217	0.00367144808743169
tmobile_app_lag3	0.00104549126349239	0.00204358056868709	0.00418374316939891
Master_mpagominimo_lag1	0.00103569613430246	0.00279915260639772	0.0037568306010929
mrentabilidad_annual_lag3	0.00102106241847125	0.00152874131079322	0.00204918032786885
mpasivos_margen_lag1	0.0010177088244822	0.00209396158190793	0.00230532786885246
ccajas_transacciones_lag3	0.000987507564207032	0.00188585378685857	0.00350068306010929
Visa_mfinanciacion_limite	0.000977441939063125	0.00182642897285184	0.00204918032786885
Master_mpagospesos_lag6	0.000973022383380289	0.0041473774485021	0.0040129781420765
mtransferencias_emitidas_lag1	0.000966174078787985	0.00405134383573551	0.00298838797814208
mcaja_ahorro_dolares_lag6	0.00096583201354351	0.00207805347708668	0.0039275956284153
Master_msaldopesos_lag3	0.000962305934602141	0.00187143734968877	0.0038422131147541
numero_de_cliente_lag1	0.000957942706530427	0.00227157123216731	0.00273224043715847
Visa_mlimitecompra_lag6	0.000934982235087742	0.00296214917935011	0.00264685792349727
Master_mpagospesos	0.000934290224377361	0.00321811951289273	0.00273224043715847
cliente_edad_lag3	0.000926258717943293	0.00237721470603099	0.00256147540983607
Master_mlimitecompra_lag1	0.000924292907516377	0.00227130301172915	0.0039275956284153
Master_mconsumototal_lag3	0.000901063762774024	0.00158288316948279	0.00281762295081967
mcaja_ahorro_lag6	0.000886470834293974	0.00141364841443808	0.00264685792349727
thomebanking_lag6	0.000881937933519937	0.00217765540899523	0.00307377049180328
cliente_antiguedad_lag6	0.000872055992706574	0.00355151834028168	0.00307377049180328
Master_mconsumototal_lag6	0.000859825090697965	0.0020329842158558	0.00358606557377049
mrentabilidad_lag6	0.000851016742707684	0.00161525062971906	0.00307377049180328
Visa_mlimitecompra_lag3	0.000847279596657752	0.00136274330177214	0.00281762295081967
mpayroll_lag3	0.000834868744625946	0.00248687243608412	0.00179303278688525
Master_cconsumos_lag3	0.000821703213009897	0.00163695509339554	0.00350068306010929
mcuentas_saldo_lag6	0.000819258914559186	0.00224215008294034	0.00273224043715847
mextraccion_autoservicio_lag6	0.000811808597392891	0.00181048055268865	0.00290300546448087
mcaja_ahorro_lag3	0.00080898603084034	0.00137459930334826	0.00213456284153005
numero_de_cliente	0.000792276003092798	0.00218406719388646	0.00307377049180328
Master_msaldototal_lag3	0.000786414272518289	0.0020332507907698	0.00350068306010929
Master_mpagospesos_lag1	0.000764133700754395	0.00227038069543721	0.00264685792349727
mtransferencias_emitidas_lag3	0.000757129175018613	0.0017734718915578	0.00264685792349727
mcomisiones_otras_lag1	0.00075668043964279	0.00246063455334557	0.00187841530054645
mautoservicio_lag3	0.00075477392639826	0.00201014269498444	0.00307377049180328
Master_fultimo_cierre_lag6	0.000751446973903158	0.00194164281523277	0.00230532786885246
mcuenta_debitos_automaticos_lag1	0.000739593553784166	0.00253374601455694	0.00196379781420765
mautoservicio_lag1	0.000733256535298065	0.00385223788060595	0.00273224043715847
tmobile_app_lag1	0.000732203651953791	0.00194757904364163	0.00264685792349727
mcaja_ahorro_dolares	0.000729291790257732	0.00365672163643244	0.00239071038251366
Master_fultimo_cierre	0.000719341286252073	0.00185920287755574	0.00230532786885246
ctrx_quarter_lag6	0.000714873634008008	0.00239326185764381	0.00307377049180328
cliente_antiguedad_lag3	0.000714196356374445	0.00197140952453343	0.00221994535519126
cliente_edad_lag6	0.00071096621123462	0.0019860102604092	0.00204918032786885
Visa_mpagosdolares	0.000710247547556557	0.00145537067952657	0.00273224043715847
mcomisiones_lag6	0.000697885502811667	0.00200733378524254	0.00239071038251366
mtransferencias_emitidas	0.000697124742079281	0.00225290276056688	0.00213456284153005
Visa_msaldototal_lag6	0.000695086857112086	0.0023069467105689	0.00358606557377049
mextraccion_autoservicio_lag1	0.000684767811856075	0.00248487723803956	0.00230532786885246
numero_de_cliente_lag6	0.000675966697057069	0.00200612185669836	0.00239071038251366
Master_mconsumototal_lag1	0.000674183780112711	0.00296967087028758	0.00221994535519126
mcaja_ahorro_dolares_lag3	0.000673635852383683	0.0022084538619445	0.00230532786885246
Master_mpagosdolares_lag3	0.000662847509501561	0.000891401829535887	0.00256147540983607
Visa_mpagosdolares_lag1	0.00066168820840038	0.000826101671514227	0.00213456284153005
Master_mconsumospesos_lag1	0.000661576243126497	0.00154270605158097	0.00247609289617486
mtransferencias_recibidas	0.000658938203290484	0.00458895056591353	0.00153688524590164
Master_msaldopesos_lag1	0.000656454487580482	0.00149819133199217	0.00273224043715847
Master_fultimo_cierre_lag3	0.000653730432546983	0.00151973535706301	0.00239071038251366
mcomisiones_mantenimiento	0.000649308584009106	0.00312268075711014	0.000853825136612022
Master_mpagosdolares_lag6	0.000647959267318853	0.00103536215623799	0.00341530054644809
mpasivos_margen	0.000634655934985129	0.000857953259926193	0.00102459016393443
Visa_madelantodolares	0.000633159187220771	0.000439660195574891	0.000939207650273224
Master_cadelantosefectivo	0.000620004714523576	0.000427582048237106	0.000853825136612022
Visa_msaldototal_lag3	0.00061889366682649	0.00103898477767725	0.00256147540983607
ccajas_transacciones_lag6	0.000614736790079646	0.00130295894073634	0.00213456284153005
Visa_fultimo_cierre_lag1	0.000610986424110225	0.00144192016503896	0.00153688524590164
Master_fultimo_cierre_lag1	0.000606713141970677	0.00143251352617569	0.00187841530054645
mtarjeta_master_consumo	0.00060551134526913	0.00196359410753332	0.000853825136612022
Master_mconsumospesos_lag3	0.000595569674312805	0.00173140242087145	0.00221994535519126
mpayroll_lag6	0.000594410431692261	0.00165956706364652	0.00221994535519126
Visa_mpagosdolares_lag3	0.000580747936433755	0.000638744758890362	0.00170765027322404
Master_Finiciomora_lag1	0.00057889439377	0.00313558578033856	0.00076844262295082
mcomisiones_lag3	0.00057180840625233	0.00170803268674458	0.00153688524590164
cliente_antiguedad	0.00057017243039893	0.0019067947273246	0.00170765027322404
Master_madelantodolares	0.000559892037079673	0.000540919170313028	0.00136612021857924
cprestamos_prendarios	0.000558731542890871	0.0047336612516328	0.000939207650273224
Master_mconsumosdolares_lag6	0.000556688472695122	0.00207610517648069	0.00264685792349727
mcaja_ahorro_dolares_lag1	0.000552464878130561	0.00258551585016921	0.00213456284153005
mtransferencias_recibidas_lag6	0.000550131195636293	0.00101538878397831	0.00247609289617486
mtarjeta_visa_consumo_lag6	0.000541033558602844	0.00116472010154016	0.00204918032786885
mtransferencias_emitidas_lag6	0.000540638593913001	0.00323612154720817	0.00187841530054645
foto_mes_lag1	0.000540276061260389	0.00481224243515355	0.000683060109289618
mcomisiones_otras	0.000539547105381158	0.00257734006337796	0.00162226775956284
numero_de_cliente_lag3	0.000532082423045676	0.00124428448574678	0.00179303278688525
mcomisiones_otras_lag6	0.000524401991122313	0.00125787816083635	0.00170765027322404
mcomisiones	0.00051326172110307	0.000851490463785982	0.00145150273224044
Visa_madelantopesos	0.00051282852451137	0.00023486813170886	0.000853825136612022
Visa_msaldodolares_lag1	0.000495423472171271	0.00208235076343172	0.00136612021857924
Visa_fultimo_cierre	0.000493770484849724	0.0013206483254613	0.00128073770491803
mcheques_emitidos_lag1	0.000482788669828977	0.00231189562448149	0.000512295081967213
Master_mpagosdolares	0.000479525582267317	0.000471693614406588	0.00128073770491803
mrentabilidad_annual_lag6	0.000466178245993728	0.00152320741304158	0.00221994535519126
Master_mconsumospesos	0.000459201327055539	0.00134769498332472	0.00170765027322404
chomebanking_transacciones_lag1	0.000458432136710846	0.0049556054365854	0.00136612021857924
mcuenta_corriente_lag6	0.000458051625593078	0.00153263050714647	0.00179303278688525
Master_madelantodolares_lag6	0.000456920690704866	0.000844568566405003	0.00307377049180328
Master_mconsumototal	0.000455810121971446	0.00130073172378516	0.00187841530054645
cpayroll_trx	0.000451579748546454	0.0025318997364489	0.000341530054644809
Visa_madelantopesos_lag1	0.000447187462851585	0.000364225254248951	0.00110997267759563
ctarjeta_visa_transacciones_lag6	0.000441458011108037	0.00119574316853734	0.00170765027322404
Visa_madelantodolares_lag1	0.000437903150964376	0.000430086536009328	0.000853825136612022
Visa_delinquency_lag3	0.000430484367125563	0.00167839103728011	0.000853825136612022
Master_mconsumosdolares_lag1	0.000430224513720531	0.000676718519941324	0.00162226775956284
matm_lag6	0.000430144437608984	0.000974323905791925	0.00145150273224044
mcuenta_debitos_automaticos_lag3	0.00042170456839097	0.00233356306386436	0.00179303278688525
Visa_fultimo_cierre_lag3	0.000419701441308458	0.00177579866272069	0.00119535519125683
mpagomiscuentas_lag1	0.000403994122148376	0.00098212122202627	0.00145150273224044
ccaja_seguridad_lag1	0.000403697166134972	0.00127339627643158	0.000170765027322404
Master_cconsumos	0.000401813887616171	0.000680726194034127	0.00145150273224044
Visa_mpagado_lag1	0.000394623129602104	0.00175354294845045	0.000939207650273224
mttarjeta_visa_debitos_automaticos_lag1	0.000392718545281696	0.000964409622725147	0.00110997267759563
Master_mconsumospesos_lag6	0.000392595674073595	0.00111822581638633	0.00187841530054645
Master_mconsumosdolares_lag3	0.000388591103417251	0.000840781392549701	0.00256147540983607
mpagomiscuentas_lag6	0.000382530588381398	0.000761795410085486	0.00179303278688525
ctarjeta_visa_transacciones_lag3	0.00037714203475716	0.000960906301787525	0.00102459016393443
tcallcenter_lag6	0.000376608026900882	0.00170803844607914	0.00119535519125683
mextraccion_autoservicio_lag3	0.000376411240027296	0.000820673087308866	0.00119535519125683
Master_madelantopesos	0.000375201351408943	0.000394958708993883	0.000853825136612022
Master_madelantopesos_lag3	0.000373366801567305	0.000573066953073877	0.00196379781420765
mtransferencias_recibidas_lag1	0.000368346568673253	0.00464497901805307	0.00119535519125683
mpasivos_margen_lag6	0.000360912740674614	0.00102544540488497	0.00162226775956284
mactivos_margen_lag3	0.000358852879788547	0.00172290493410683	0.00145150273224044
cdescubierto_preacordado_lag3	0.000356119921155048	0.00158605985387456	0.000939207650273224
Master_madelantodolares_lag3	0.00035210232838783	0.000648236965009982	0.00213456284153005
tcallcenter_lag1	0.000337672945787998	0.000978559484980952	0.00110997267759563
Master_status_lag1	0.000337592065616019	0.00154014972979769	0.000939207650273224
Master_madelantopesos_lag6	0.000333933658270763	0.000621371314804214	0.00239071038251366
Visa_msaldodolares_lag6	0.000331433252377997	0.00139834750803203	0.00102459016393443
mrentabilidad_lag3	0.000321150396389997	0.000903592695278663	0.00110997267759563
Master_cadelantosefectivo_lag6	0.000315452091806828	0.000507964257951472	0.00204918032786885
ctarjeta_visa_descuentos	0.000315239620972961	0.00257148035184255	0.000341530054644809
Visa_mpagosdolares_lag6	0.000312929359420836	0.00145050321905993	0.00102459016393443
Master_mpagosdolares_lag1	0.000310517792889007	0.000650465004723247	0.00170765027322404
Master_delinquency_lag1	0.000309583634604823	0.000528359707158308	0.00110997267759563
Master_cconsumos_lag1	0.00030736085753793	0.000771853676516305	0.00128073770491803
mtarjeta_visa_consumo_lag3	0.000300186770261359	0.000996816575541268	0.00153688524590164
mttarjeta_visa_debitos_automaticos_lag6	0.000298478481005263	0.00128490342688568	0.000939207650273224
matm_lag3	0.000296989109253132	0.000649467817082007	0.000853825136612022
mcomisiones_otras_lag3	0.000285261846644577	0.000993764950985693	0.000853825136612022
Master_mconsumosdolares	0.000282102844959829	0.000669197651765937	0.00119535519125683
Master_msaldodolares_lag6	0.000279635852746892	0.000922646219532643	0.000853825136612022
cpayroll_trx_lag1	0.000279283362027027	0.000642870087960638	8.53825136612022e-05
Visa_cadelantosefectivo_lag1	0.000274404189226278	0.000154603576971966	0.000341530054644809
cseguro_accidentes_personales_lag1	0.000265938657327406	0.00101259386119177	0.00076844262295082
chomebanking_transacciones_lag6	0.000264761851080976	0.00115876824065177	0.00076844262295082
Visa_mpagado	0.000262787689612342	0.00183436615863982	0.000683060109289618
Master_mpagado_lag3	0.000259378969146	0.000345090276549028	0.000683060109289618
Visa_msaldodolares_lag3	0.000258782381150608	0.00116920662316366	0.00076844262295082
mactivos_margen_lag6	0.000254907550409585	0.000458419993766228	0.000939207650273224
Visa_msaldodolares	0.000253294494795668	0.00088552319447264	0.000597677595628415
Master_msaldodolares_lag1	0.000252136511694277	0.000861018871437133	0.00076844262295082
mpasivos_margen_lag3	0.000248138167686101	0.000653470554602329	0.00102459016393443
mcheques_emitidos_rechazados	0.000247511372582986	0.00339238792634429	0.000512295081967213
mcomisiones_mantenimiento_lag3	0.00024723778255153	0.00140192734584312	0.000597677595628415
matm_other_lag1	0.000244983169434614	0.0020876411236076	0.000426912568306011
ctarjeta_visa_transacciones_lag1	0.000243311494766156	0.00038663071121779	0.000683060109289618
active_quarter_lag1	0.000243068538928945	0.000472285180342274	0.000597677595628415
ctarjeta_debito_transacciones_lag6	0.000240410798024292	0.000725445781380899	0.000939207650273224
Master_msaldodolares_lag3	0.000239827607354103	0.000630593654961518	0.000597677595628415
mcheques_depositados	0.000238401602791461	0.00302010783132988	0.000426912568306011
Visa_fultimo_cierre_lag6	0.000236925206677469	0.000896920094807993	0.000683060109289618
Visa_mpagado_lag3	0.000236523424907504	0.00107884019560569	0.00076844262295082
mtransferencias_recibidas_lag3	0.000235622020087097	0.000434142753064864	0.00076844262295082
matm_lag1	0.000222356888044899	0.000835649002693223	0.00102459016393443
cinversion1	0.000219924282789324	0.00191134542439036	0.000256147540983607
mpagomiscuentas_lag3	0.000215194074019683	0.000550150560853215	0.000853825136612022
Master_cadelantosefectivo_lag3	0.000213557572216979	0.000463123724578906	0.00119535519125683
mttarjeta_master_debitos_automaticos_lag6	0.0002115849372774	0.0019257684436568	0.000597677595628415
ccajas_depositos	0.000210385621291441	0.00321435043980319	0.000426912568306011
Visa_madelantopesos_lag3	0.000209702323509491	0.000344367891442586	0.000939207650273224
mtarjeta_master_consumo_lag6	0.000208486920386091	0.000633174659607201	0.00076844262295082
Visa_mpagado_lag6	0.000207900307200774	0.00111471344506583	0.00076844262295082
Master_madelantodolares_lag1	0.000206289987735617	0.000294097951102578	0.00110997267759563
mcheques_emitidos	0.000204265899280745	0.00185279602923699	0.000341530054644809
Visa_cadelantosefectivo	0.000201310435326943	0.000338509825431344	0.000853825136612022
mprestamos_personales_lag6	0.000200323792848615	0.00092773747128511	0.000683060109289618
cpagomiscuentas	0.00019915128668801	0.00285925949016896	0.000426912568306011
mttarjeta_visa_debitos_automaticos_lag3	0.000198549056718019	0.000536804537149795	0.000512295081967213
foto_mes	0.000194023435895267	0.000244907474611833	0.00076844262295082
cprestamos_personales	0.000190576319849388	0.00191227925935142	0.000341530054644809
mttarjeta_visa_debitos_automaticos	0.000188156302919105	0.000869327945685381	0.000597677595628415
Master_madelantopesos_lag1	0.000187394439568034	0.00034937768974911	0.00102459016393443
cplazo_fijo	0.000186520757610704	0.00192861026388192	0.000256147540983607
ccheques_emitidos_rechazados_lag1	0.000184468357222499	0.00128574017592128	0.000170765027322404
matm_other_lag6	0.000175881705533763	0.000770028790222353	0.000426912568306011
cseguro_vida	0.000167447755310458	0.00140496416068125	0.000256147540983607
mtarjeta_master_consumo_lag1	0.000167259671798158	0.00172286955533738	0.00076844262295082
chomebanking_transacciones_lag3	0.000166696965859089	0.000454991544177907	0.000512295081967213
cprestamos_personales_lag1	0.000161493380648211	0.0025318997364489	0.000341530054644809
tcallcenter_lag3	0.000160912876967013	0.000470466876144964	0.000512295081967213
Master_delinquency_lag6	0.000160546493336418	0.000666617469882333	0.000597677595628415
matm_other_lag3	0.000160437808985264	0.00121271757301457	0.000683060109289618
mcheques_emitidos_rechazados_lag1	0.000154795631789942	0.00257148035184255	0.000341530054644809
mtarjeta_master_consumo_lag3	0.000154128175805364	0.000370561345028806	0.000597677595628415
mcomisiones_mantenimiento_lag1	0.000153328472207223	0.000298261949990625	0.000256147540983607
ccomisiones_mantenimiento	0.000152959541726505	0.000595743921529192	8.53825136612022e-05
ctarjeta_debito_transacciones_lag1	0.000140973152040116	0.00030181134560474	0.000426912568306011
ccaja_ahorro_lag1	0.000140856914459835	0.000642870087960638	8.53825136612022e-05
mplazo_fijo_dolares_lag1	0.000139052068694081	0.000362360875375148	0.000256147540983607
ccheques_emitidos_rechazados	0.000137454492090439	0.00128574017592128	0.000170765027322404
cseguro_accidentes_personales	0.000135583630930546	0.00111641820809607	0.000512295081967213
Master_mpagado_lag6	0.000131026030495718	0.000532681676365759	0.000683060109289618
ctarjeta_debito_transacciones_lag3	0.00012995523614455	0.000515323041997054	0.000597677595628415
chomebanking_transacciones	0.000128920671660994	0.00212533432278921	0.000512295081967213
mprestamos_prendarios	0.000127576465142862	0.00184934371954834	0.000256147540983607
mprestamos_prendarios_lag1	0.000126076363927027	0.00103350518222291	0.000170765027322404
Visa_madelantodolares_lag3	0.000126044798202799	0.000222732391025459	0.000683060109289618
Master_status_lag6	0.000124468751248873	0.000217055332671868	0.000256147540983607
ctarjeta_master	0.000123038808822855	0.000401184549654988	8.53825136612022e-05
ccomisiones_otras_lag1	0.000115912990387434	1.97767321225022e-05	8.53825136612022e-05
Visa_Finiciomora_lag3	0.000114172538343376	0.000776004511211068	0.000256147540983607
Master_status_lag3	0.000112348782476611	0.00014141305530171	0.000426912568306011
mpagodeservicios	0.000110213098593067	0.00192861026388192	0.000256147540983607
Master_mpagado_lag1	0.000107981264553339	0.000125336284254004	0.000512295081967213
ccajas_consultas	0.000101802664878779	0.00122668889589897	0.000170765027322404
mttarjeta_master_debitos_automaticos_lag3	0.000100877026444898	0.000745413394306015	0.000341530054644809
internet_lag6	9.67810274198933e-05	0.00018544810459773	0.000341530054644809
tcuentas_lag3	9.42294681228717e-05	0.00203670721426885	0.000341530054644809
mcomisiones_mantenimiento_lag6	9.2607982014384e-05	0.000503016989563046	0.000341530054644809
Master_msaldodolares	9.05432519467014e-05	0.000381664519301518	0.000341530054644809
foto_mes_lag6	8.58215257819239e-05	0.000314346948659133	0.000512295081967213
mcheques_emitidos_lag3	8.31407452497773e-05	0.000973265010994668	0.000170765027322404
mforex_sell_lag6	8.20395890064317e-05	0.000283018636930193	0.000170765027322404
ccomisiones_otras	8.18776656906055e-05	0.00192861026388192	0.000256147540983607
ctarjeta_master_transacciones_lag3	7.62292247294496e-05	0.000709763936131705	0.000256147540983607
Master_mpagado	7.50054300722728e-05	0.000105463288968115	0.000341530054644809
mcheques_depositados_lag1	7.45345149154009e-05	0.00117747209102166	0.000256147540983607
ccallcenter_transacciones_lag1	7.41342859306787e-05	0.00126354205499666	0.000170765027322404
mttarjeta_master_debitos_automaticos_lag1	6.91077586099015e-05	0.000635664337661979	0.000256147540983607
ctarjeta_master_transacciones_lag1	6.90898140589859e-05	0.000301658311857817	8.53825136612022e-05
Master_cadelantosefectivo_lag1	6.87438402668337e-05	0.000147109037183146	0.000683060109289618
Visa_delinquency_lag6	6.74706486586249e-05	0.000214434835446333	0.000170765027322404
Visa_cadelantosefectivo_lag6	6.67828461055232e-05	0.000222075004123354	0.000256147540983607
minversion2	6.58195241147201e-05	0.000642870087960638	8.53825136612022e-05
Visa_cadelantosefectivo_lag3	6.1254213818837e-05	0.000200177191358018	0.000341530054644809
cinversion1_lag1	6.07147702966538e-05	0.00128574017592128	0.000170765027322404
minversion1_pesos	5.95659441110018e-05	0.000642870087960638	8.53825136612022e-05
ccajas_depositos_lag1	5.95343869976737e-05	0.000642870087960638	8.53825136612022e-05
Master_delinquency_lag3	5.38955586241448e-05	0.000308955388747382	0.000170765027322404
mforex_sell_lag3	5.34823009242613e-05	0.000721375577369999	0.000170765027322404
ctarjeta_master_transacciones	5.1521857042787e-05	0.00065818333579789	0.000170765027322404
cextraccion_autoservicio_lag6	4.94329441800567e-05	7.29650095610878e-05	8.53825136612022e-05
Visa_madelantopesos_lag6	4.60318837444805e-05	0.00019768833606532	0.000170765027322404
mcheques_depositados_lag3	4.35645678464017e-05	0.000318520820692142	8.53825136612022e-05
matm_other	4.25460711610511e-05	0.000168993685755199	0.000170765027322404
minversion1_pesos_lag1	4.20915788255568e-05	0.000642870087960638	8.53825136612022e-05
ccallcenter_transacciones_lag3	3.8945385219303e-05	0.000175786409489583	8.53825136612022e-05
cpayroll_trx_lag6	3.21381147476362e-05	3.28117517595952e-05	8.53825136612022e-05
active_quarter_lag3	3.05816299233619e-05	0.000142580554693557	8.53825136612022e-05
mttarjeta_master_debitos_automaticos	2.74114364683946e-05	5.35700390438125e-05	8.53825136612022e-05
mcheques_depositados_lag6	2.55128555509955e-05	0.000625670246673418	8.53825136612022e-05
ccheques_depositados	2.491162613935e-05	0.00061318647763008	8.53825136612022e-05
ctarjeta_debito	2.40534045588716e-05	0.000640767930845649	8.53825136612022e-05
ctarjeta_master_transacciones_lag6	2.40413865657411e-05	0.000182351228127742	8.53825136612022e-05
cdescubierto_preacordado_lag6	2.38809494065545e-05	0.000147180617484126	8.53825136612022e-05
ccallcenter_transacciones	2.17181578452153e-05	0.000642870087960638	8.53825136612022e-05
ccheques_emitidos	2.06431990651888e-05	0.00061043927504419	8.53825136612022e-05
mforex_buy	2.0033380210229e-05	0.000642870087960638	8.53825136612022e-05
ccomisiones_otras_lag3	1.99216587236288e-05	0.000113414461711463	8.53825136612022e-05
ctransferencias_recibidas_lag6	1.99142324576237e-05	0.000614805673403974	8.53825136612022e-05
cseguro_vivienda	1.94142627125859e-05	0.000642870087960638	8.53825136612022e-05
active_quarter_lag6	1.82073781690284e-05	0.000456331000844523	8.53825136612022e-05
Visa_madelantodolares_lag6	1.63337095734164e-05	4.977875137811e-05	8.53825136612022e-05
ctarjeta_visa_lag1	1.59891132137259e-05	0.000147406877056189	8.53825136612022e-05
mpagodeservicios_lag6	1.41002160297504e-05	0.000565578172619618	8.53825136612022e-05
ccomisiones_otras_lag6	1.13344615837855e-05	3.95806153936521e-05	8.53825136612022e-05
