Feature	Gain	Cover	Frequency
ctrx_quarter	0.12952969023354	0.0390100868529201	0.0279930935674663
cpayroll_trx	0.0806712414877095	0.0329261831536265	0.0103596488005584
mcaja_ahorro	0.0697591743881857	0.0194378492055025	0.0256052312552808
mpasivos_margen	0.063491565999585	0.0253909670252299	0.0249807134197862
mtarjeta_visa_consumo	0.0458865926246077	0.0190567362641857	0.0203519341684729
mcuentas_saldo	0.0418791867190695	0.0317355640263342	0.0349729987877007
ccomisiones_otras	0.0357585490467118	0.0102303697758506	0.011167848352375
mpayroll	0.0348590583197672	0.0235531012088981	0.0117556298446053
ctarjeta_visa_transacciones	0.0344647619346032	0.0192171257118236	0.02082950663091
mprestamos_personales	0.0334946614870269	0.0351838450899965	0.0127107747694794
Visa_msaldopesos	0.0209838107431197	0.0135376063087256	0.0191028984974836
mactivos_margen	0.0193874236077974	0.0294869295699394	0.0299033834172147
mrentabilidad_annual	0.0190997892611123	0.020386198233145	0.0250174497630506
mcuenta_corriente	0.0190705286452751	0.0151640700396241	0.0189192167811616
Visa_msaldototal	0.0190499684743262	0.0148297005666194	0.0225928511076007
mrentabilidad	0.0143773442728321	0.0176577452855541	0.0238418867785901
cprestamos_personales	0.0137998427154988	0.0130282840741533	0.00573086954924507
Master_fechaalta	0.0134379613222592	0.0325637263387604	0.0280298299107307
cdescubierto_preacordado	0.0131491014545337	0.0147554143556187	0.00606149663862459
Visa_mpagominimo	0.0120088518823175	0.0134966182886984	0.0217479152125197
Visa_mconsumospesos	0.0103353863859877	0.0104227907499908	0.0168987179016201
Visa_mpagospesos	0.0101043374264162	0.0092458964091848	0.0163476727526542
cliente_edad	0.00979935283179567	0.0203083405163672	0.0272583667021785
mcomisiones_otras	0.00902014556167357	0.0190372593569042	0.0232541052863598
active_quarter	0.00870029583578231	0.00051661165568009	0.000661254178759046
Master_Fvencimiento	0.00862799164485914	0.017243070172402	0.0251643951361082
mautoservicio	0.00840036686086811	0.00927696407279257	0.01388633775394
Visa_fechaalta	0.00814965081967763	0.0131909251232594	0.0225928511076007
Visa_Fvencimiento	0.00806825728361217	0.0190980537057084	0.0237316777487969
Master_mpagominimo	0.00804401442989941	0.0133479904085327	0.00958818559200617
cproductos	0.0079664837629052	0.0170649330030437	0.0145108555894346
mcomisiones_mantenimiento	0.00783166049664938	0.0164859797157771	0.0116821571580765
mtransferencias_recibidas	0.00751232454187016	0.00867965191483565	0.013041401858859
chomebanking_transacciones	0.00727096989592155	0.0221522102335597	0.0213438154366114
ccomisiones_mantenimiento	0.0067527554194249	0.00469223208917859	0.00569413320598068
Visa_mfinanciacion_limite	0.00668617864460482	0.0113719217377492	0.018111017229345
ccallcenter_transacciones	0.00613458271988112	0.0100226778416051	0.00459204290804893
Master_mfinanciacion_limite	0.00610666148474256	0.0120163711169843	0.019617207303185
cliente_antiguedad	0.00539655913045195	0.0102095119602796	0.0170456632746776
numero_de_cliente	0.00532405779583024	0.0101973899147398	0.0177436537967011
thomebanking	0.00491839669466521	0.00893175696533191	0.00705337790676316
mcomisiones	0.00479761540197563	0.0108671614917674	0.017266081334264
Master_mlimitecompra	0.00456520586304312	0.0101174436434967	0.0157966276036883
mcaja_ahorro_dolares	0.0042883037655281	0.00956624162161624	0.0138128650674112
Master_msaldopesos	0.00417404234964178	0.00536085679136964	0.0073105323096139
ctarjeta_debito_transacciones	0.00416450388231222	0.00730021881240534	0.0119025752176628
tcallcenter	0.00414687930381103	0.00787635926158164	0.00374710701296793
Visa_cconsumos	0.00408550083760135	0.00667099713590747	0.0116454208148121
Visa_mlimitecompra	0.00391283086745426	0.00903339514293626	0.012196465963778
mpagomiscuentas	0.00390638129564439	0.015122027205313	0.0107270122332023
ccaja_ahorro	0.00388745130518937	0.0203401113894975	0.00613496932515337
ctransferencias_recibidas	0.00357859471129728	0.0119792063827999	0.00951471290547739
mtarjeta_master_consumo	0.00351519853170436	0.00858010451002318	0.00462877925131332
ccaja_seguridad	0.00323433385169324	0.0190865372633222	0.00400426141581867
Visa_cadelantosefectivo	0.00291457581636782	0.000242354396059427	0.000220418059586349
Visa_mconsumosdolares	0.00276299539766652	0.00399889522900179	0.00547371514639433
ctarjeta_visa	0.00274855638868987	0.00639923438451437	0.00319606186400206
mextraccion_autoservicio	0.00265652692993731	0.00591847754117932	0.00797178648837295
mcuenta_debitos_automaticos	0.00263755441614538	0.00904224072013269	0.00841262260754565
mttarjeta_visa_debitos_automaticos	0.00250204037483611	0.00628950042409413	0.0103596488005584
Visa_mconsumototal	0.00249429214730206	0.00576883366744474	0.0101024943977077
Master_msaldototal	0.00247570288632738	0.00390225937781197	0.00635538738473972
Visa_status	0.00237408515173229	0.00457757898959018	0.00260828037177179
ccajas_transacciones	0.00226611646616112	0.00834385605784668	0.00264501671503619
cmobile_app_trx	0.00226396395477051	0.0052599484432067	0.00569413320598068
mtransferencias_emitidas	0.00223775057072379	0.00495019574014527	0.00756768671246464
Master_mpagospesos	0.00218210398066455	0.0110692188765261	0.00547371514639433
ccajas_consultas	0.00180259502812317	0.00965661291857341	0.00227765328239227
cextraccion_autoservicio	0.00178950714028309	0.00467274187193776	0.00635538738473972
ctarjeta_visa_debitos_automaticos	0.00138436614575136	0.00446871239485867	0.00532676977333676
Visa_mpagado	0.00127998035467271	0.00731913337390135	0.00378384335623232
Master_status	0.00115999795985467	0.000974469823000056	0.00106535395466735
ctransferencias_emitidas	0.000915890710941818	0.00307675572977947	0.00374710701296793
matm	0.000866135439784019	0.00242485277327035	0.00334300723705962
cpagomiscuentas	0.000862272772892675	0.00248761034108867	0.0042981521619338
ctarjeta_debito	0.000768762553254838	0.00103148857998272	0.00220418059586349
Master_fultimo_cierre	0.000765521641055502	0.00152951287733582	0.00220418059586349
cplazo_fijo	0.000747561774388808	0.00654890487816779	0.00180008081995518
ctarjeta_master_transacciones	0.000737239587539697	0.00203349892734482	0.00161639910363322
catm_trx	0.000665069938289922	0.00171549959526077	0.00264501671503619
Visa_fultimo_cierre	0.000651063928063123	0.00133715512550288	0.00205723522280592
tcuentas	0.000587701058797779	0.00774021945083973	0.00165313544689762
ctarjeta_master	0.000584122921913354	0.00078425941128652	0.000808199551816612
ccuenta_debitos_automaticos	0.000570327942555344	0.00171054607203077	0.00260828037177179
internet	0.000533976457660495	0.00277486477608084	0.0017266081334264
Master_mconsumospesos	0.000477945745039076	0.00149152847148393	0.00227765328239227
mplazo_fijo_dolares	0.000466499387881188	0.00380646205406548	0.00143271738731127
Visa_mpagosdolares	0.000371239235613964	0.000826331083842973	0.00132250835751809
Master_mconsumototal	0.000283940837171149	0.000933143508171001	0.0012857720142537
Master_cconsumos	0.000181707971448307	0.000718904183055155	0.00099188126813857
Master_mpagosdolares	0.000172703461321807	0.000338251544501555	0.000587781492230263
ctarjeta_master_debitos_automaticos	0.000152823494088246	0.00107493783333892	0.000477572462437089
cseguro_vivienda	0.000149497587070071	0.000502142620629632	0.000367363432643915
matm_other	0.000135108534249595	0.000662827105701298	0.000771463208552221
Master_mconsumosdolares	0.000124293297309923	0.000383356778641987	0.000808199551816612
mttarjeta_master_debitos_automaticos	0.000110865299877802	0.000674241505065366	0.000477572462437089
Visa_msaldodolares	0.000104690453681716	0.000666190088780868	0.000624517835494655
ccajas_extracciones	9.61391725139837e-05	5.11257724504271e-05	0.000146945373057566
ccajas_depositos	7.4104488641428e-05	0.00197300294346425	0.000404099775908306
Master_madelantopesos	6.67831660317672e-05	0.000159884778343312	0.000367363432643915
Visa_madelantopesos	6.4592475847201e-05	0.000278736060964761	0.000514308805701481
Master_delinquency	5.45485865455594e-05	9.86312359392064e-05	0.000183681716321957
Visa_madelantodolares	4.56105958678051e-05	0.000320879829134727	0.000330627089379523
catm_trx_other	3.71805784096999e-05	0.000222595761303669	0.000183681716321957
Visa_delinquency	2.49990583796998e-05	4.81288132548473e-05	0.000110209029793174
cseguro_accidentes_personales	2.31706751032805e-05	9.63175213270748e-05	7.34726865287829e-05
Master_mpagado	1.29737066577855e-05	0.000261038251592196	0.00025715440285074
cseguro_vida	1.1443893118704e-05	0.000153372880698142	7.34726865287829e-05
mtarjeta_visa_descuentos	1.07458599300626e-06	3.57516601595569e-05	3.67363432643915e-05
ccajeros_propios_descuentos	1.00385448169102e-06	6.37203215495419e-05	3.67363432643915e-05
cforex	3.25764063770449e-07	3.88828281125997e-05	3.67363432643915e-05
Master_madelantodolares	2.15128843399678e-12	8.86110548241554e-06	3.67363432643915e-05
