Feature	Gain	Cover	Frequency
ctarjeta_visa	0.243211269340136	0.00734399191352197	0.00163934426229508
mcaja_ahorro	0.140415412285966	0.0407326423238443	0.019672131147541
ctrx_quarter	0.091693644843543	0.0554885153762751	0.0180327868852459
cdescubierto_preacordado	0.0808523208301211	0.0118042190911908	0.0163934426229508
Visa_status	0.041980636292442	0.0306558435657801	0.00983606557377049
Visa_delinquency_lag1	0.0345086941539448	0.0111004193961932	0.00327868852459016
mcuenta_corriente_lag1	0.0330341985240159	0.00736039322852959	0.00983606557377049
Visa_mpagospesos	0.0308301539816874	0.0103094530562784	0.00819672131147541
mcaja_ahorro_lag1	0.0287109101827248	0.0151404439434634	0.00491803278688525
mcuentas_saldo	0.0272296099197047	0.0397386192450041	0.0295081967213115
mprestamos_personales	0.0226783734265817	0.0379073583799554	0.0327868852459016
ctarjeta_visa_transacciones	0.0220749399642754	0.0384475302852866	0.0163934426229508
mcuenta_corriente	0.0212306144009182	0.0160727153663723	0.00983606557377049
Visa_delinquency	0.0204271976785238	0.0196106528956526	0.0114754098360656
mtarjeta_visa_consumo	0.0181922591242009	0.0444181634910901	0.0229508196721311
internet	0.0174787270133452	0.00816036384338848	0.00491803278688525
mpayroll	0.0136113665119235	0.0558922978935974	0.0229508196721311
ctarjeta_debito_transacciones_lag1	0.01280993457072	0.00731116108640356	0.00163934426229508
mpayroll_lag1	0.00887229288880176	0.0224294797029168	0.0131147540983607
mprestamos_personales_lag1	0.00794530659081348	0.00737465156369667	0.00983606557377049
Visa_Finiciomora	0.0077778323766275	0.0220319757405659	0.00491803278688525
mautoservicio	0.00678234549175488	0.0325385641441049	0.0180327868852459
Master_delinquency	0.00599826785621049	0.0160157196218415	0.00983606557377049
mcuentas_saldo_lag1	0.00542129327915129	0.00219177022804727	0.00491803278688525
Visa_msaldototal	0.00531726436430416	0.0182275285912047	0.0147540983606557
Visa_msaldopesos_lag1	0.00318512915639618	0.0128068610845651	0.0114754098360656
cpayroll_trx	0.0027520667020877	0.00734399191352197	0.00163934426229508
mextraccion_autoservicio	0.00269167128778798	0.0023453128538149	0.00327868852459016
mactivos_margen	0.00265074548289033	0.00678650698684741	0.0163934426229508
Visa_msaldopesos	0.00233623983707326	0.0178905074151426	0.0213114754098361
mpasivos_margen_lag1	0.00200231729952691	0.00244377713806697	0.00327868852459016
Visa_mpagominimo_lag1	0.00189262982527944	0.0116948237299451	0.0131147540983607
mpasivos_margen	0.00188693025763007	0.0104986556185153	0.0147540983606557
Visa_madelantodolares	0.00182379755184599	0.000750522294941925	0.00163934426229508
Master_msaldototal	0.0016893777246261	0.00618556092516124	0.00655737704918033
Visa_msaldototal_lag1	0.00131567296771456	0.00520846550725442	0.00983606557377049
Master_status	0.00116746670812909	0.00332683521691862	0.00491803278688525
Visa_mfinanciacion_limite_lag1	0.00105844384716167	0.00305539110378387	0.00491803278688525
mtarjeta_visa_consumo_lag1	0.000986053908147105	0.00633617105219972	0.00327868852459016
Visa_mpagominimo	0.000984280644348153	0.0113289851144485	0.0147540983606557
Master_mpagospesos	0.000970310263773571	0.00455494124719998	0.00327868852459016
Visa_fechaalta	0.000967361656487339	0.00834845731956758	0.0114754098360656
mprestamos_personales_lag3	0.000854434536479385	0.00277411560067894	0.00163934426229508
mrentabilidad_annual	0.000778459386891607	0.00461439953874051	0.00819672131147541
thomebanking	0.000768567825922332	0.00370337933258359	0.00819672131147541
Visa_mlimitecompra_lag1	0.000657354174886782	0.0033815845922306	0.00655737704918033
mcuenta_debitos_automaticos	0.000623006230161859	0.00364659036680935	0.00819672131147541
mautoservicio_lag1	0.000622665916097293	0.000679832157307353	0.00163934426229508
Visa_fechaalta_lag3	0.000614280261367225	0.00854948386706502	0.00819672131147541
Master_fechaalta_lag3	0.000606587853495428	0.0113760836757684	0.0180327868852459
mcomisiones_mantenimiento	0.00059027719632391	0.000723669253694488	0.00163934426229508
mrentabilidad	0.000529552767752437	0.000896132135685814	0.00327868852459016
chomebanking_transacciones	0.000480348805333028	0.00878225095369182	0.0131147540983607
Visa_fechaalta_lag1	0.000480340348765915	0.0110118616941865	0.00983606557377049
Visa_mlimitecompra_lag3	0.000476275597187628	0.0021555275514459	0.00327868852459016
mcomisiones_lag1	0.000454500249741828	0.00368655506102849	0.00491803278688525
Master_msaldopesos	0.000442471278936402	0.0024320753402535	0.00655737704918033
Visa_mfinanciacion_limite	0.000411614140176465	0.00258937757977647	0.00327868852459016
Master_mlimitecompra	0.000387494093786176	0.00243485745443245	0.00327868852459016
ccomisiones_otras	0.000381934155988583	0.00503661356249833	0.00655737704918033
mttarjeta_visa_debitos_automaticos	0.000345026695586353	0.00276444399429336	0.00819672131147541
Visa_fultimo_cierre_lag3	0.000339746438665263	0.00238086940090592	0.00327868852459016
Visa_Fvencimiento	0.000339474686711782	0.00198225635249718	0.00491803278688525
Master_msaldototal_lag1	0.000339400131732465	0.00341742311035327	0.00327868852459016
ctarjeta_debito_transacciones	0.000334422638583584	0.00538654901180996	0.00163934426229508
mrentabilidad_annual_lag1	0.000321331727112542	0.00652155760647499	0.0114754098360656
mcomisiones_otras_lag1	0.000279355172281879	0.0020493654580298	0.00655737704918033
Visa_madelantopesos	0.000239891896288434	0.000693911910821059	0.00163934426229508
Visa_mpagado_lag3	0.000239842742727284	0.0064189295499889	0.00819672131147541
Visa_mpagospesos_lag3	0.000231377215879426	0.00253270140241488	0.00819672131147541
Master_fechaalta_lag1	0.000228365949038011	0.00303344435848714	0.00655737704918033
Visa_mfinanciacion_limite_lag3	0.000226663078325135	0.00239227042961896	0.00327868852459016
mcomisiones_mantenimiento_lag1	0.000225235529590671	0.00471460264435441	0.00163934426229508
Visa_fultimo_cierre_lag1	0.000221440347417871	0.000550557838330368	0.00163934426229508
mrentabilidad_lag6	0.000214273704874862	0.00227665290760821	0.00655737704918033
Visa_mpagospesos_lag1	0.000214236197303789	0.00962719594809883	0.00655737704918033
mpagomiscuentas	0.000193155622080775	0.00256302268735161	0.00327868852459016
Master_delinquency_lag1	0.000192805777915023	0.00216721055119058	0.00327868852459016
ccajas_transacciones	0.00019254884470981	0.0046318723436684	0.00819672131147541
Visa_cconsumos	0.000179873361795762	0.00240456436659888	0.00327868852459016
tmobile_app_lag1	0.00017237809633443	0.000916001694382727	0.00163934426229508
Master_mpagominimo_lag3	0.000154385669549811	0.00277605180176294	0.00327868852459016
foto_mes_lag3	0.000149934682237072	0.0019272626022911	0.00491803278688525
Visa_mconsumospesos_lag3	0.00013055856733147	0.000980178301186192	0.00327868852459016
mcuentas_saldo_lag3	0.000130300549303142	0.00109189522392579	0.00163934426229508
ctarjeta_master	0.00012470215673015	0.0024377147608865	0.00163934426229508
Master_fechaalta	0.000122727189479245	0.00129885256212226	0.00327868852459016
Visa_Fvencimiento_lag1	0.000110482159861866	0.00116207781370339	0.00327868852459016
Master_mconsumototal	0.000109041878163914	0.000629387539745227	0.00163934426229508
chomebanking_transacciones_lag1	0.000106639732143894	0.00262899450972324	0.00655737704918033
mtransferencias_emitidas	0.000101639225847459	0.00112967934216685	0.00163934426229508
mttarjeta_visa_debitos_automaticos_lag3	0.000101580291478529	0.00125755320501997	0.00327868852459016
mttarjeta_visa_debitos_automaticos_lag6	0.000101413937437849	0.00230453984263836	0.00491803278688525
cliente_antiguedad_lag1	0.000100269693109172	0.00469136823134648	0.00327868852459016
mpagomiscuentas_lag6	9.93159884457089e-05	0.00139702547630829	0.00327868852459016
Visa_mconsumototal_lag1	9.85828286441988e-05	0.00126306103917153	0.00327868852459016
Visa_mpagado	9.38819643146588e-05	0.00121659221315566	0.00163934426229508
tmobile_app_lag6	8.78772974212598e-05	0.0024293402212465	0.00819672131147541
Visa_mpagosdolares_lag3	8.77666669664006e-05	0.000814623709470283	0.00163934426229508
mrentabilidad_lag3	8.4720386356903e-05	0.0021628493992344	0.00655737704918033
cliente_edad	8.16679784858236e-05	0.00134603571475164	0.00163934426229508
numero_de_cliente_lag3	8.06334539626717e-05	0.00305772206431218	0.00327868852459016
ccomisiones_otras_lag6	7.88601853255592e-05	0.00123970443871655	0.00163934426229508
Visa_mpagosdolares	7.7294805997482e-05	0.000842849009738415	0.00163934426229508
mactivos_margen_lag3	7.55012966468164e-05	0.000878499547173321	0.00327868852459016
ctarjeta_visa_debitos_automaticos_lag3	7.3985011746816e-05	0.00289892537832147	0.00655737704918033
internet_lag1	7.19830131552037e-05	0.000692323474009433	0.00163934426229508
Master_mpagominimo	6.73997523130502e-05	0.00500547456156982	0.00655737704918033
cliente_antiguedad_lag3	6.5823768106574e-05	0.000678619681871259	0.00163934426229508
mcuenta_debitos_automaticos_lag6	6.57004530698333e-05	0.00107339792424957	0.00163934426229508
mcaja_ahorro_lag6	6.41284422363278e-05	0.000429968227128192	0.00163934426229508
cliente_antiguedad	6.18814757481786e-05	0.00101738907832956	0.00163934426229508
ctarjeta_visa_debitos_automaticos_lag6	5.92156158744982e-05	0.00222999610090457	0.00655737704918033
Master_Fvencimiento_lag1	5.77424057228688e-05	0.00206097326549937	0.00327868852459016
numero_de_cliente_lag6	5.7000408214708e-05	0.00292653974135436	0.00163934426229508
Master_mlimitecompra_lag3	5.37247369730054e-05	0.00057301213148407	0.00163934426229508
mextraccion_autoservicio_lag6	5.15474797775704e-05	0.00173658439165521	0.00491803278688525
Master_cadelantosefectivo_lag6	5.08124438449039e-05	0.000567673479951503	0.00163934426229508
mrentabilidad_annual_lag3	5.07174817394691e-05	0.00221708182765502	0.00655737704918033
Visa_mlimitecompra	5.00720031493015e-05	0.000467000422618182	0.00163934426229508
Master_mconsumototal_lag3	4.8920499429469e-05	0.000528817871790178	0.00163934426229508
Master_mconsumosdolares	4.8689317065131e-05	0.000650572963256505	0.00163934426229508
Visa_msaldopesos_lag3	4.84002401962034e-05	0.00048617445277036	0.00163934426229508
mtransferencias_emitidas_lag1	4.82623461689295e-05	0.00226078733756072	0.00327868852459016
mextraccion_autoservicio_lag3	4.73257040850946e-05	0.00168566982237366	0.00327868852459016
mcomisiones	4.69153753861251e-05	0.00199137341585385	0.00327868852459016
mcomisiones_lag6	4.62058720395341e-05	0.00111707523705211	0.00327868852459016
Master_Fvencimiento_lag6	4.58712419064891e-05	0.00211100432554841	0.00491803278688525
Visa_mconsumosdolares_lag3	4.32028429728586e-05	0.00185368696109931	0.00491803278688525
mactivos_margen_lag6	4.18976876055454e-05	0.001131812922973	0.00327868852459016
ccajas_transacciones_lag3	4.17892614704016e-05	0.00210865456695133	0.00163934426229508
mcomisiones_otras	3.80378157316288e-05	0.00170007854209096	0.00491803278688525
foto_mes	3.69483700223475e-05	0.000862417799334902	0.00163934426229508
ctarjeta_visa_transacciones_lag1	3.61832138522334e-05	0.000620806221348689	0.00163934426229508
Visa_mconsumosdolares	3.44642358276553e-05	0.00126794853705346	0.00327868852459016
mcuenta_corriente_lag3	3.41477846461933e-05	0.000407673717559092	0.00163934426229508
ctrx_quarter_lag1	3.22979644821664e-05	0.00305531591150877	0.00163934426229508
Visa_mfinanciacion_limite_lag6	3.17426361107582e-05	0.000894957256387274	0.00163934426229508
Visa_mconsumototal	3.17104999730709e-05	0.000409562923471145	0.00163934426229508
cmobile_app_trx	3.13379715538887e-05	0.00429653359476184	0.00819672131147541
mcaja_ahorro_dolares_lag6	3.05666373215068e-05	0.000856571599945365	0.00327868852459016
cmobile_app_trx_lag1	3.05149302867195e-05	0.00233813199154222	0.00163934426229508
Master_mlimitecompra_lag1	3.01505221824893e-05	0.000624565835104017	0.00163934426229508
mcuenta_debitos_automaticos_lag3	2.976713988763e-05	0.00153293551356343	0.00163934426229508
cliente_edad_lag3	2.92560731594573e-05	0.00123966684257899	0.00163934426229508
Visa_mpagominimo_lag3	2.91831510593344e-05	0.00167319730374036	0.00327868852459016
Visa_cconsumos_lag6	2.91035037816187e-05	0.00162091047543812	0.00491803278688525
Master_mconsumosdolares_lag1	2.83947300565211e-05	0.000572025232873296	0.00163934426229508
mttarjeta_visa_debitos_automaticos_lag1	2.76988248978001e-05	0.00173581367083536	0.00491803278688525
Visa_msaldototal_lag3	2.61547649242976e-05	0.00118791575923689	0.00327868852459016
Master_mfinanciacion_limite_lag3	2.55257201880721e-05	0.000407551530112044	0.00163934426229508
Master_mconsumospesos	2.47418220590366e-05	0.00100755768835937	0.00163934426229508
Master_mconsumosdolares_lag3	2.46091478694499e-05	0.00117532105315654	0.00327868852459016
ctrx_quarter_lag6	2.43878498671671e-05	0.00113104220215315	0.00327868852459016
tcallcenter_lag1	2.39890988864539e-05	0.00180327054064035	0.00163934426229508
Master_mconsumototal_lag6	2.37582326152735e-05	0.000966568499391901	0.00163934426229508
Master_msaldodolares_lag3	2.36056499324934e-05	0.00145404001890785	0.00163934426229508
Master_mpagospesos_lag1	2.30297812847565e-05	0.00168425996721542	0.00327868852459016
Master_Fvencimiento	2.22669631557404e-05	0.000959387637119223	0.00327868852459016
mactivos_margen_lag1	2.20002350608448e-05	0.00230821486508419	0.00491803278688525
Master_madelantodolares	2.1144185207963e-05	0.000417777679526538	0.00163934426229508
Master_mpagominimo_lag6	2.0557660377166e-05	0.000636953762427826	0.00163934426229508
mpagomiscuentas_lag1	1.9831101976974e-05	0.00104330221613816	0.00163934426229508
Visa_cconsumos_lag3	1.95662161797091e-05	0.00164007510655591	0.00327868852459016
numero_de_cliente_lag1	1.84363178034985e-05	0.00271952600895157	0.00327868852459016
ccajas_transacciones_lag1	1.81842763818073e-05	0.00161070312409241	0.00327868852459016
Visa_mconsumospesos_lag1	1.74104595010835e-05	0.00039244728185001	0.00163934426229508
Master_msaldototal_lag3	1.7097542327135e-05	0.00226975401636718	0.00163934426229508
Master_mpagominimo_lag1	1.66632088256849e-05	0.000843892302555518	0.00163934426229508
mtransferencias_recibidas_lag6	1.66112115012631e-05	0.000482875391700059	0.00163934426229508
Visa_Fvencimiento_lag3	1.63257750793816e-05	0.000925203349048895	0.00163934426229508
mcomisiones_otras_lag3	1.62950422770479e-05	0.00122682776160455	0.00491803278688525
chomebanking_transacciones_lag6	1.61607088671707e-05	0.00097738678797286	0.00327868852459016
Visa_mconsumototal_lag3	1.607992663762e-05	0.000399233384678378	0.00163934426229508
Master_mconsumosdolares_lag6	1.57276021082131e-05	0.000992021084515478	0.00327868852459016
matm	1.54739158463197e-05	0.000518394342653529	0.00163934426229508
Master_msaldopesos_lag1	1.4561881722317e-05	0.00166604463857085	0.00327868852459016
internet_lag3	1.40354791002677e-05	0.00105537057629277	0.00163934426229508
ctarjeta_debito_transacciones_lag6	1.30456269264268e-05	0.000778540816453514	0.00163934426229508
mcaja_ahorro_dolares_lag3	1.040962932216e-05	0.000444818701461742	0.00163934426229508
Visa_mpagospesos_lag6	9.45048871650364e-06	0.000613540767766515	0.00163934426229508
Visa_mconsumosdolares_lag6	8.59917942102706e-06	0.000476728423210096	0.00163934426229508
Visa_Fvencimiento_lag6	7.07506852750954e-06	0.000465928932697914	0.00163934426229508
Master_mpagosdolares	6.53157805988207e-06	0.000430052818437687	0.00163934426229508
Master_msaldopesos_lag3	5.85272553568175e-06	0.000562917568551011	0.00163934426229508
ccomisiones_otras_lag1	2.88733678710951e-06	0.00177719761924715	0.00327868852459016
mpasivos_margen_lag3	2.76881855139086e-06	0.000482659213909127	0.00163934426229508
mpayroll_lag6	2.29736318778078e-06	0.000435288080591983	0.00163934426229508
Visa_mconsumototal_lag6	2.13187471166629e-06	0.000856073451122784	0.00163934426229508
Master_fechaalta_lag6	1.72254240498852e-06	0.0014161713093573	0.00163934426229508
Master_madelantodolares_lag6	1.54982047563406e-06	0.000549213776412837	0.00163934426229508
cmobile_app_trx_lag6	1.52785052285545e-06	0.000897166029468529	0.00163934426229508
Master_cconsumos_lag3	1.19873303700754e-06	0.000426969935158318	0.00163934426229508
tmobile_app	9.07588996777526e-07	0.000434385773290704	0.00163934426229508
chomebanking_transacciones_lag3	8.9261455381392e-07	0.00038975915801495	0.00163934426229508
Master_mconsumospesos_lag1	4.82250333002219e-08	0.000376074163945552	0.00163934426229508
