Feature	Gain	Cover	Frequency
ctrx_quarter	0.0790795928421768	0.0116995836436371	0.00399962794158683
cajaahorro_saldo_pos	0.0639409330323632	0.00441307763618004	0.00716212445353921
mtarjeta_visa_consumo	0.0617931478994691	0.00148683902108515	0.00167426285926891
disminuye_saldo_corriente	0.0590194791970352	0.00781631022634849	0.0122469227668744
recibe_sueldo	0.0508443239490142	0.00973866210747611	0.00461972529687161
disminuye_saldo_ahorro	0.0443881570259975	0.0067913971956987	0.00527082751992063
cdescubierto_preacordado	0.0366696849765871	0.00862351868301663	0.0054878615942703
usa_tarjeta_visa	0.0326226583462567	0.00521265493682349	0.00741016339565312
Visa_status	0.0319784138977784	0.00448440827338826	0.00257340402443184
deudas	0.0279191999966444	0.00996337910466872	0.00703810498248225
mcaja_ahorro_lag1	0.0260255713371164	0.00202483445892724	0.00164325799150467
mcaja_ahorro	0.0257832773609332	0.0105404978890795	0.00536384212321334
activos	0.0236193397673116	0.00823195257764896	0.00427867175146498
usa_tarjeta_debito	0.0144608115017245	0.00466415015577615	0.00883638731280811
aumento_saldo_ahorro	0.0114147106050522	0.00689836735622855	0.0115338108082969
Visa_delinquency	0.0107178162162741	0.002958986235048	0.00288345270207423
disminuyo_tarjetas	0.0101990969854179	0.00526791683862257	0.00161225312374043
tiene_master	0.00963390173798122	0.000615773125843239	0.0011161752395126
aumento_saldo_corriente	0.00940460357584411	0.00819256313703408	0.0124329519734598
mprestamos_personales	0.00920553362462955	0.0114735720152853	0.00387560847052987
tiempo_sin_disminuir	0.00900147200081635	0.00711677614584687	0.0169286577992745
ctrx_quarter_lag3	0.00766352912395684	0.00454330363762036	0.00350355005735901
mpasivos_margen	0.0069580465751417	0.0022730864878237	0.00176727746256162
Visa_Finiciomora	0.0056037780442887	0.0090666680085759	0.00235636995008216
tiempo_sin_disminuir_cc	0.00548291383635147	0.00821257098463862	0.00375158899947292
saldo_pos	0.0053199190419113	0.00535896577913235	0.0101075868911419
mcuentas_saldo	0.00490585664718568	0.00532066841255268	0.00328651598300933
Master_status	0.00482281098121562	0.00216852002286298	0.00114718010727684
Visa_delinquency_lag1	0.00478116565430869	0.00303470454804327	0.00167426285926891
Visa_msaldototal	0.0045872571161345	0.0048190190144488	0.00561188106532726
foto_mes	0.00444728885334491	0.00339332569733446	0.0038135987350014
internet	0.0040693988018457	0.00383329870773127	0.00192230180138282
mcuenta_corriente	0.0040539738221481	0.01024938118	0.00626298328837628
Visa_mpagospesos	0.00373471670674956	0.0054181830755693	0.00778222180882399
ccaja_ahorro	0.00361296093549706	0.0126512372755786	0.00263541375996031
recibe_transferencias	0.00358633128920022	0.00490532224242034	0.0124639568412241
tiempo_sin_aumento	0.00350518676603306	0.00438833876563208	0.00496077884227824
thomebanking	0.0034637172985553	0.0034455213674408	0.0067590611726041
Master_delinquency	0.00341248530996847	0.00188715534643094	0.00155024338821195
foto_mes_lag2	0.00328340623935781	0.00182358462043104	0.0023873748178464
ccaja_seguridad	0.0032024666354309	0.00506462337661375	0.00102316063621989
ctrx_quarter_lag1	0.00312608722033955	0.00215071490655124	0.0018292871980901
Visa_mpagominimo	0.0029592661390956	0.00666538312585664	0.0080302607509379
Visa_msaldopesos	0.00292026936641596	0.00347265623479432	0.00514680804886367
foto_mes_lag1	0.00284985065263089	0.00243406727984569	0.00353455492512324
tiempo_sin_aumento_cc	0.00283449798627388	0.00655846375946797	0.00344154032183053
mcomisiones_otras_lag2	0.00278697527670129	0.00222011111880121	0.0036585743961802
tcallcenter	0.00268435018907941	0.00520408585901781	0.00322450624748086
tmobile_app_lag2	0.00265710438530587	0.00309384875047219	0.00648001736272595
balance	0.00261691069364847	0.00491277756576469	0.00297646730536694
mprestamos_personales_lag3	0.00254239596881534	0.00419731545139481	0.00260440889219607
Master_Fvencimiento	0.00252941881709638	0.00511130991770816	0.00759619260223855
tiene_debito_automatico	0.00238892631290726	0.00348304443308796	0.00737915852788888
foto_mes_lag3	0.0023667729029063	0.00359623466362308	0.00220134561126097
tmobile_app_lag3	0.00230048233718338	0.00475748288582493	0.0115338108082969
mprestamos_personales_lag1	0.00219194875773608	0.00297400041683283	0.00158124825597619
Master_fechaalta	0.00215923790102352	0.00481869053387035	0.00889839704833659
disminuyo_debito_automatico	0.00209772567820489	0.00296799918639396	0.00344154032183053
Visa_Finiciomora_lag1	0.00206566625589498	0.00289021663135838	0.0011161752395126
Visa_mconsumospesos	0.00203435252019175	0.0038143727576354	0.00672805630483986
mcomisiones_mantenimiento	0.0019776504300624	0.00743714594415666	0.00269742349548879
mactivos_margen	0.00195947007281414	0.00567260207954996	0.0038135987350014
mcomisiones_otras	0.00185778924092159	0.00336597358326216	0.004929773974514
ctarjeta_visa_transacciones	0.00182567280976615	0.00549665843083353	0.00220134561126097
Master_Fvencimiento_lag3	0.00178788958023541	0.00491194742667351	0.00852633863516572
Visa_mpagominimo_lag1	0.00178625805204717	0.00466437872941143	0.00598393947849812
mrentabilidad_annual_lag1	0.00177652614704638	0.00392588226844353	0.00427867175146498
mcomisiones	0.00176671117668944	0.00281441646369309	0.00465073016463585
mcuenta_corriente_lag1	0.00173190501712821	0.00292675575962627	0.00337953058630205
Visa_mconsumototal_lag3	0.00172613055111681	0.00371655014407647	0.00635599789166899
Master_fechaalta_lag2	0.00170626018227682	0.00421827537942597	0.00793724614764518
Visa_Fvencimiento	0.00170427122482073	0.00506651603356741	0.00737915852788888
Visa_mconsumototal	0.00170144012329715	0.0035357651234723	0.00626298328837628
Visa_mpagospesos_lag1	0.00169300053089471	0.00373254189185004	0.00567389080085573
mcuenta_corriente_lag3	0.00167853995219713	0.00373108231246937	0.00313149164418814
Visa_mconsumosdolares	0.00165166594244434	0.00330951111680578	0.00505379344557095
Master_fechaalta_lag3	0.00163028415577995	0.00390527966923127	0.00737915852788888
Visa_mpagominimo_lag3	0.00162867608406305	0.00270982026557656	0.0043716863547577
mcomisiones_otras_lag1	0.00161308546018094	0.00256536057769138	0.00341053545406629
tiempo_sin_disminuir_ah	0.00160912151806498	0.00309853119156281	0.00117818497504108
mcuenta_debitos_automaticos	0.00160042679871076	0.00413633097900103	0.00173627259479738
Visa_mpagominimo_lag2	0.00159268940588836	0.00254103708640939	0.00471273990016433
mcuenta_corriente_lag2	0.0015796145738286	0.00465347090882342	0.00337953058630205
Master_Fvencimiento_lag1	0.00157894840365342	0.00349994047585917	0.00713111958577497
Visa_mpagospesos_lag3	0.00155849945691821	0.00589072495301823	0.00697609524695377
Visa_fechaalta_lag3	0.00155379061463468	0.00430283222695144	0.00598393947849812
mcomisiones_otras_lag3	0.00154088846944668	0.00297129788534953	0.00344154032183053
Visa_cconsumos	0.00153555904117797	0.0028841418644538	0.00461972529687161
mautoservicio	0.0015225310676816	0.00201150896110756	0.00142622391715499
cmobile_app_trx_lag3	0.00152211117355417	0.00447150833136109	0.00638700275943323
Visa_fechaalta	0.00151214501834224	0.00345518968709604	0.00589092487520541
Visa_mconsumospesos_lag3	0.00150878534478548	0.00333749514893055	0.00598393947849812
Visa_fechaalta_lag1	0.00146458908325023	0.00352009398053056	0.00542585185874182
tmobile_app	0.00144615488220092	0.00369261610404065	0.00651102223049019
cmobile_app_trx_lag2	0.00144547163324075	0.00370505934125494	0.00480575450345704
mrentabilidad_annual_lag3	0.00143558228332896	0.00524636799942502	0.00412364741264379
Visa_Fvencimiento_lag3	0.00143093804825174	0.00400116538006896	0.00585992000744117
Visa_Fvencimiento_lag1	0.0014168965902911	0.00390774424697657	0.00579791027191269
mcuentas_saldo_lag1	0.00141516990107655	0.00404542450986283	0.00266641862772455
Visa_cconsumos_lag3	0.00141132192579416	0.00363851875084406	0.00446470095805041
mrentabilidad_annual	0.00140528415647099	0.0048433019766077	0.00375158899947292
mprestamos_personales_lag2	0.00140107503912719	0.00527893845932477	0.00220134561126097
mcomisiones_lag1	0.00138091457494724	0.00302112729180611	0.00334852571853781
Visa_msaldopesos_lag1	0.00137759938486213	0.00173972641357553	0.00319350137971662
Master_fechaalta_lag1	0.00136910887161394	0.00341653419527364	0.00626298328837628
Visa_mconsumototal_lag2	0.00136884628045603	0.00383238556358012	0.00576690540414845
thomebanking_lag1	0.0013631751124988	0.00241943024898364	0.00545685672650606
Master_Fvencimiento_lag2	0.00136236256492138	0.00310142805045729	0.00638700275943323
mrentabilidad	0.00136009272389331	0.0047740431917118	0.00362756952841596
Visa_mpagospesos_lag2	0.00134252266062543	0.00262075468584397	0.00542585185874182
tmobile_app_lag1	0.00134125168354991	0.00286122804332666	0.00595293461073389
cliente_edad_lag2	0.00132048988829194	0.00310502620476778	0.00359656466065172
cliente_edad	0.00129156801624524	0.00354386855882006	0.00409264254487955
thomebanking_lag3	0.00128438642257682	0.0022734445245749	0.00520881778439215
cdescubierto_preacordado_lag1	0.00127623682620872	0.00465624166728032	0.0023873748178464
Master_mlimitecompra_lag3	0.00126902056007032	0.00366577777182139	0.00468173503240009
mcomisiones_lag2	0.00126666719291639	0.0024905932832243	0.00331752085077357
Visa_Fvencimiento_lag2	0.00126334854033253	0.00280743872916391	0.00539484699097758
pago_mis_cuentas	0.0012579305469304	0.00268322988663878	0.00558087619756302
tiene_visa	0.00124798014660044	0.00190565813000576	0.00186029206585434
hace_transferencias	0.00124655334371704	0.00300115430986641	0.00610795894955508
mcomisiones_lag3	0.00123893354533686	0.00338058680990126	0.00375158899947292
cliente_edad_lag3	0.0012331632558672	0.00337663203470413	0.00359656466065172
mrentabilidad_annual_lag2	0.00122604945650278	0.00280536475305474	0.00325551111524509
Master_mfinanciacion_limite	0.00121865708242273	0.00329644976621851	0.00440269122252194
Visa_msaldopesos_lag3	0.00121779108761155	0.00225873643501013	0.00359656466065172
Visa_mconsumospesos_lag1	0.00121270132927194	0.00264750797769795	0.00536384212321334
thomebanking_lag2	0.00120112047350008	0.00196993590337146	0.00443369609028618
Visa_fechaalta_lag2	0.00117785444265175	0.00253401510611263	0.00449570582581465
Master_mpagospesos	0.00114738859711833	0.0017996888087384	0.00136421418162652
Visa_mconsumospesos_lag2	0.00114622956248678	0.00320966036575289	0.00576690540414845
Visa_mconsumototal_lag1	0.00114541899951548	0.00324752138057276	0.00536384212321334
mcuentas_saldo_lag3	0.00114321394519194	0.00307925092136021	0.00269742349548879
Visa_cconsumos_lag2	0.00112978217549345	0.00251247785930619	0.00415465228040802
Master_mpagominimo	0.00111019444351188	0.00192799675615447	0.00229436021455369
mpayroll_lag1	0.00110424322516515	0.00347591891769508	0.000930146032927169
internet_lag1	0.0011021777393732	0.00284639571164655	0.000651102223049019
Visa_mconsumosdolares_lag3	0.00110152122215092	0.00346434484433898	0.00514680804886367
cliente_edad_lag1	0.00109994303865833	0.00293337846611646	0.00350355005735901
Master_msaldototal	0.00106203096283943	0.00240077225125618	0.00263541375996031
Visa_mfinanciacion_limite	0.00102747870362204	0.00281289821442463	0.00331752085077357
Visa_mlimitecompra	0.000990952243900471	0.00311622082642119	0.00356555979288748
aumento_transferencias_recibidas	0.000986774014127018	0.00217428737017446	0.00536384212321334
Visa_mconsumosdolares_lag1	0.000973917013954191	0.00235073400477665	0.00430967661922922
Visa_msaldototal_lag1	0.000969903673797753	0.00352157081576058	0.00341053545406629
Master_mfinanciacion_limite_lag1	0.000964717915039049	0.00211649407952105	0.00399962794158683
Master_mfinanciacion_limite_lag3	0.00094584953710206	0.00215793811659891	0.00384460360276563
Master_mpagominimo_lag2	0.000942235248491308	0.00146159274007467	0.0018292871980901
ccaja_seguridad_lag1	0.000925766251949154	0.000460420306964886	9.3014603292717e-05
mcomisiones_mantenimiento_lag3	0.000923292727613425	0.00273744953513694	0.00117818497504108
Master_mlimitecompra_lag1	0.000922715935784553	0.00310341981793031	0.00393761820605835
mttarjeta_visa_debitos_automaticos_lag3	0.000914006470057995	0.0033241840752311	0.00257340402443184
cmobile_app_trx_lag1	0.00091353526008711	0.00342478558846815	0.0038135987350014
Visa_msaldopesos_lag2	0.000911477594908283	0.00173902122453197	0.00322450624748086
Master_mfinanciacion_limite_lag2	0.000910137729603395	0.00256748242772107	0.00393761820605835
Master_mlimitecompra	0.000908269307966158	0.00247210395036282	0.00375158899947292
mcaja_ahorro_lag3	0.000895757751328982	0.00334895719200316	0.0029454624376027
Visa_mconsumosdolares_lag2	0.000893165125613728	0.00187197365017008	0.00390661333829411
cliente_antiguedad_lag2	0.000886732070681964	0.00277699764107433	0.00328651598300933
mactivos_margen_lag1	0.00087632248431117	0.00526953154366434	0.00269742349548879
cliente_antiguedad_lag3	0.000868946502567237	0.00270254050943793	0.00328651598300933
Visa_cconsumos_lag1	0.000863628457090771	0.00257490509768896	0.00387560847052987
Visa_mfinanciacion_limite_lag3	0.000862029010317911	0.0020023202655728	0.00325551111524509
mcaja_ahorro_lag2	0.00085950454190603	0.00273765474700694	0.00260440889219607
cliente_antiguedad	0.000857221862477122	0.00244160897092834	0.00303847704089542
mcuentas_saldo_lag2	0.000846105178588875	0.00297094887473492	0.0025423991566676
Visa_msaldototal_lag2	0.000838063104310988	0.00171277959073419	0.00303847704089542
numero_de_cliente	0.000830290589238823	0.00276000646990285	0.00337953058630205
cliente_antiguedad_lag1	0.000827763035309909	0.00267658178307801	0.00306948190865966
numero_de_cliente_lag1	0.000819228062416794	0.00253164999285284	0.00344154032183053
mrentabilidad_lag3	0.000816343567835441	0.00346423874298834	0.00260440889219607
numero_de_cliente_lag3	0.000809201585404869	0.002207345772399	0.0029454624376027
ctrx_quarter_lag2	0.000800987695002553	0.00276704535208282	0.00195330666914706
mcomisiones_mantenimiento_lag1	0.000798200939833489	0.00130820761897178	0.00124019471056956
Visa_msaldototal_lag3	0.00079520019007252	0.00158298454307002	0.00297646730536694
Master_mlimitecompra_lag2	0.000791163540593902	0.00203067313041605	0.00344154032183053
mcomisiones_mantenimiento_lag2	0.000788630824179637	0.00134878921754813	0.000651102223049019
mcaja_ahorro_dolares_lag3	0.000779388952571172	0.00378830810690791	0.00244938455337488
Visa_mlimitecompra_lag3	0.000779273294225661	0.0025577052634776	0.00266641862772455
Master_delinquency_lag1	0.000775813489529608	0.00126748009785399	0.000961150900691409
disminuyo_uso_tar_debito	0.000775065435814719	0.00205195755690659	0.00303847704089542
mpasivos_margen_lag1	0.000761228945161756	0.0016316833816736	0.00167426285926891
cdescubierto_preacordado_lag2	0.000757655653919445	0.00361226110007843	0.00176727746256162
mpasivos_margen_lag3	0.000733535025161874	0.00422056270862638	0.00248038942113912
Visa_mlimitecompra_lag2	0.000724850872897042	0.00185997835710669	0.00269742349548879
Master_msaldopesos	0.00072171777291017	0.00177537708683058	0.00207732614020401
ccajas_transacciones_lag3	0.000709940465239389	0.00169456989112377	0.00232536508231792
Master_msaldototal_lag1	0.000708795483435842	0.00108157044395809	0.00173627259479738
Master_msaldototal_lag2	0.000708336841095719	0.00209007873683979	0.00210833100796825
Master_msaldopesos_lag3	0.000687696559415688	0.00148422754739151	0.0023873748178464
cdescubierto_preacordado_lag3	0.000682472825194148	0.0012919380962694	0.000806126561870214
Visa_mfinanciacion_limite_lag1	0.00067838679505458	0.00182988964231006	0.00279043809878151
Visa_fultimo_cierre	0.000670319702225442	0.0015670112900273	0.00248038942113912
Visa_mfinanciacion_limite_lag2	0.00066709097388825	0.00183424802739898	0.00251139428890336
Visa_madelantodolares_lag3	0.000662716849846154	0.000274198720407606	0.000682107090813258
ccajas_transacciones	0.000661793248479878	0.00293859725440158	0.00201531640467553
Master_fultimo_cierre_lag2	0.000640146085532622	0.00176771389687017	0.00269742349548879
mpagomiscuentas	0.000639756988985236	0.00269341959841909	0.00102316063621989
Master_mpagominimo_lag1	0.00063725146196122	0.00174198604492544	0.00186029206585434
chomebanking_transacciones	0.000634973096329364	0.00287303272562335	0.00189129693361858
disminuyo_transferencias_recibidas	0.000628645742561904	0.00161387897329414	0.00288345270207423
Master_msaldopesos_lag1	0.000616236588930961	0.00186016905636493	0.0019843115369113
mrentabilidad_lag2	0.000612018337156148	0.00164515807622153	0.00223235047902521
Master_fultimo_cierre	0.000609107407247431	0.0016618762510071	0.00257340402443184
mttarjeta_visa_debitos_automaticos	0.000606776005519638	0.00222623066242257	0.00210833100796825
numero_de_cliente_lag2	0.000599930516870863	0.00215206210168227	0.00251139428890336
ccajas_transacciones_lag1	0.000596585982688259	0.001999795248109	0.00195330666914706
Master_mpagominimo_lag3	0.000594879038166403	0.00261725015557765	0.00248038942113912
Visa_mpagosdolares_lag3	0.000586996354081637	0.00148078080209765	0.00124019471056956
Visa_mlimitecompra_lag1	0.000577066594824666	0.00171313780446845	0.00217034074349673
Master_fultimo_cierre_lag3	0.000576040639079111	0.00184974068291433	0.00257340402443184
Visa_fultimo_cierre_lag3	0.000569188881941378	0.00122993738708602	0.00217034074349673
Visa_madelantodolares	0.000553995139659212	0.000148649319616581	0.000341053545406629
ctarjeta_visa	0.000537785451470498	0.000596974869032574	0.00031004867764239
Visa_fultimo_cierre_lag1	0.000537070865122934	0.00169888305703823	0.00201531640467553
disminuyo_transferencias_emitidas	0.000534125120704397	0.00132764407673391	0.00158124825597619
mactivos_margen_lag2	0.00052002345349373	0.00250917650560457	0.00161225312374043
mplazo_fijo_dolares	0.000514774137820676	0.00287049381498853	0.000589092487520541
mpayroll_lag2	0.00051070480909149	0.00397014219466121	0.00130220444609804
mtransferencias_recibidas_lag1	0.000507590998116585	0.00291137442646213	0.00189129693361858
Master_mpagospesos_lag3	0.000507576517757694	0.00417666258899059	0.00220134561126097
tiempo_sin_aumento_ah	0.000505703238650608	0.00728946640327372	0.00204632127243977
chomebanking_transacciones_lag3	0.000497807340257826	0.00210240790846528	0.00179828233032586
Master_msaldototal_lag3	0.000493582670930945	0.00168370879406632	0.00201531640467553
mrentabilidad_lag1	0.000480289685122641	0.00226354179084306	0.00195330666914706
mttarjeta_visa_debitos_automaticos_lag1	0.000478506415384522	0.00209616553859314	0.0018292871980901
Visa_mpagosdolares	0.000477609979463488	0.00134298151809662	0.00192230180138282
Master_fultimo_cierre_lag1	0.000472482969835591	0.00117854300783042	0.00235636995008216
mpayroll	0.000471218821504404	0.00269552339617561	0.00105416550398413
mtransferencias_recibidas_lag2	0.000468919208707284	0.00149752906400516	0.00161225312374043
Visa_status_lag1	0.000460750307695131	0.000587090541540047	0.000248038942113912
ccaja_ahorro_lag3	0.000455859145786876	0.00927711671913341	0.00192230180138282
Master_Finiciomora	0.000455124981546388	0.00173558500973079	0.000403063280935107
mactivos_margen_lag3	0.000454816653113984	0.00317868399236723	0.00167426285926891
cuentacorriente_saldo_pos	0.000454098919268165	0.00174708696248575	0.000713111958577497
mcaja_ahorro_dolares	0.000451759135604506	0.00386953006243993	0.00164325799150467
cmobile_app_trx	0.000446046457937861	0.00191419145723124	0.00167426285926891
Master_mconsumospesos_lag2	0.000439932523456864	0.00131788407984826	0.00142622391715499
Master_msaldopesos_lag2	0.000433595920636125	0.00152797696594295	0.0018292871980901
mpayroll_lag3	0.000430403312992391	0.00231905562804269	0.000930146032927169
active_quarter_lag1	0.000430265654082048	0.00186671176650734	0.000961150900691409
active_quarter	0.000429573238588564	0.0011710847642654	0.00114718010727684
mttarjeta_visa_debitos_automaticos_lag2	0.000429348490634215	0.00164709223570518	0.00186029206585434
Visa_fultimo_cierre_lag2	0.000425698849300909	0.00173350457373955	0.00189129693361858
tcallcenter_lag2	0.000418588821891927	0.00136376517098978	0.00130220444609804
mtransferencias_emitidas	0.000409412239456295	0.0037521609961407	0.00148823365268347
mtransferencias_emitidas_lag1	0.000404126027034857	0.00164358345784518	0.00133320931386228
mextraccion_autoservicio_lag3	0.000380151246312877	0.00119590256926271	0.00136421418162652
ccajas_transacciones_lag2	0.000377863808968178	0.00153693682236782	0.00151923852044771
mtransferencias_emitidas_lag2	0.000374859225946076	0.00171988669988776	0.00139521904939075
mtransferencias_recibidas	0.000373551919231937	0.00144248140021267	0.00108517037174836
chomebanking_transacciones_lag1	0.000363726988757193	0.00196662490409251	0.00124019471056956
mautoservicio_lag2	0.00036110986972879	0.00153330875791845	0.00124019471056956
mcaja_ahorro_dolares_lag2	0.00035323466844165	0.00139355062529547	0.00130220444609804
mautoservicio_lag3	0.00035018877392433	0.00157326498681593	0.00148823365268347
mextraccion_autoservicio_lag2	0.000349274862218436	0.00178923229497963	0.00130220444609804
mtarjeta_visa_consumo_lag2	0.000348296670033578	0.00157804397217139	0.00155024338821195
mtransferencias_recibidas_lag3	0.000346968382134125	0.00169863917436737	0.00158124825597619
balance_transferencias	0.000344863841740597	0.00137348083361632	0.000775121694105975
cproductos	0.000336936207153101	0.00324253444010972	0.000775121694105975
Visa_mpagado_lag3	0.000335120413926989	0.000987841537306466	0.00105416550398413
Master_status_lag1	0.000333202697756016	0.000334496763963272	0.000186029206585434
tcallcenter_lag1	0.000331856869494437	0.0016422520142074	0.00117818497504108
Master_mconsumototal_lag3	0.000331098669268652	0.00118943543089131	0.00130220444609804
mpasivos_margen_lag2	0.000318512719331553	0.00175967877698755	0.0012711995783338
Master_cconsumos_lag1	0.000317122641620433	0.0010281506704461	0.00142622391715499
Master_mconsumototal_lag2	0.000315201521868319	0.00127224368568233	0.00124019471056956
ccajas_consultas	0.000314116455163591	0.00352420547423643	0.000713111958577497
mtarjeta_visa_consumo_lag3	0.00031217934384995	0.00156881253522516	0.00133320931386228
mcaja_ahorro_dolares_lag1	0.000310280354505289	0.00132914834433982	0.0011161752395126
Master_mconsumosdolares_lag3	0.000310223492925181	0.000476363472885662	0.00120918984280532
Master_mpagospesos_lag1	0.000307184386641359	0.00147933706270177	0.00114718010727684
mtransferencias_emitidas_lag3	0.000307099683154221	0.00138772292675702	0.0012711995783338
Master_mpagospesos_lag2	0.000300866389526178	0.00146841260570516	0.00133320931386228
mcuenta_debitos_automaticos_lag3	0.000295081795865661	0.00166670780033443	0.0011161752395126
Master_cconsumos	0.000294586857079975	0.000830284217304603	0.00102316063621989
mtarjeta_visa_consumo_lag1	0.000286868195047745	0.00070022643827259	0.0011161752395126
saco_mas_que_deposito	0.000283231343407363	0.000697735401558283	0.000403063280935107
Master_mconsumototal_lag1	0.000280385718069083	0.000893691233964487	0.00102316063621989
Master_mconsumospesos_lag1	0.000277574971175857	0.00097437533794591	0.0011161752395126
invierte	0.000276456438094767	0.00178984554131818	0.000558087619756302
Visa_mpagado_lag1	0.0002647574634563	0.0021772344922609	0.00114718010727684
Master_cconsumos_lag3	0.000264399990513524	0.000508762436190302	0.00105416550398413
Master_mconsumospesos_lag3	0.000263274743149872	0.00140129788221427	0.00117818497504108
Master_mconsumospesos	0.000261893623789658	0.000887345594470838	0.00117818497504108
tcallcenter_lag3	0.000256311740906079	0.00146247544313774	0.00102316063621989
chomebanking_transacciones_lag2	0.000254977664534377	0.00122306451502599	0.00124019471056956
aumento_transferencias_emitidas	0.000254023231825541	0.000665663502967536	0.0011161752395126
Master_cconsumos_lag2	0.000252678627868966	0.00155858344471171	0.00120918984280532
ccajas_depositos	0.000250855495869607	0.00260904840613436	0.000527082751992063
mpagomiscuentas_lag2	0.000249030081049683	0.00150478908653146	0.00108517037174836
Master_mconsumototal	0.000248521277184025	0.000979670848392004	0.00105416550398413
mextraccion_autoservicio	0.00024669184232745	0.00241943440808579	0.000868136297398692
mcuenta_debitos_automaticos_lag2	0.000240440954607568	0.00151059722844064	0.000961150900691409
mcuenta_debitos_automaticos_lag1	0.00024042685978059	0.00128338804414377	0.000961150900691409
saques_mayores_que_media	0.000231569393614141	0.00210993278615626	0.000837131429634453
Visa_delinquency_lag2	0.000230121648213905	0.000758940483349177	0.000496077884227824
mextraccion_autoservicio_lag1	0.000221694482334738	0.00162324854552674	0.000899141165162931
mpagomiscuentas_lag3	0.000220092303232296	0.00159740025660267	0.000930146032927169
Master_mpagosdolares_lag3	0.000217547249048725	0.000397160982677157	0.000899141165162931
matm_lag2	0.000217207398916164	0.00128533503490001	0.000806126561870214
Master_mconsumosdolares_lag2	0.000198053858271491	0.000485406422862039	0.000806126561870214
Visa_mpagosdolares_lag1	0.000193085668766453	0.000348537627353054	0.000806126561870214
ctarjeta_visa_transacciones_lag2	0.000191866723782631	0.00149471034313622	0.000744116826341736
Visa_msaldodolares_lag1	0.000181416939713939	0.000841019921856752	0.000527082751992063
mautoservicio_lag1	0.000179270875161824	0.000619095009581014	0.000806126561870214
Master_mpagosdolares_lag2	0.000178525345322646	0.000348142335665565	0.000713111958577497
matm_lag3	0.000175234833486638	0.000541804202006228	0.000496077884227824
Visa_mpagosdolares_lag2	0.00017442714180749	0.000332973647660372	0.000775121694105975
aumento_debito_automatico	0.000172998746071716	0.000703491864410943	0.00062009735528478
Visa_msaldodolares	0.000171046837302312	0.000799659420788067	0.000496077884227824
Master_mconsumosdolares_lag1	0.000165928540900251	0.000321027290415916	0.000868136297398692
Master_mpagosdolares_lag1	0.000158798967320315	0.000378271579585294	0.000713111958577497
Visa_cadelantosefectivo_lag3	0.000157537025128726	0.000185942395763901	0.000434068148699346
Visa_mpagado_lag2	0.000154299241250923	0.000559862581091553	0.000589092487520541
ctarjeta_visa_transacciones_lag3	0.000150850702420849	0.00119791876039943	0.000589092487520541
Master_mconsumosdolares	0.000149433219120748	0.000378381397580408	0.000806126561870214
Master_mpagosdolares	0.000145562279086443	0.000375136943935884	0.000589092487520541
Visa_mpagado	0.000144919351383947	0.00164162018464647	0.000744116826341736
Master_madelantopesos_lag3	0.000144334585404512	0.000274408533837432	0.000682107090813258
ctarjeta_debito_transacciones	0.000141896018232557	0.00146738389160911	0.000465073016463585
mpagomiscuentas_lag1	0.000140398317574956	0.000836909755523913	0.000589092487520541
disminuyo_uso_tar_master	0.000140314851747089	0.000519253815613918	0.000682107090813258
disminuyo_pago_mis_cuentas	0.000133784283804847	0.000854942118097906	0.00031004867764239
matm	0.000132123176895455	0.000650062887779304	0.000496077884227824
Visa_msaldodolares_lag2	0.000130421698760841	0.000818350868315813	0.000527082751992063
Master_madelantodolares	0.000129124290842068	0.000175587558779012	0.000372058413170868
mtarjeta_master_consumo	0.000128924334438744	0.00158453181756202	0.000558087619756302
Visa_madelantopesos_lag3	0.000125491513113206	0.000211359996386416	0.000527082751992063
Master_Finiciomora_lag1	0.000125005849893934	0.000521482032468847	0.000155024338821195
cseguro_accidentes_personales_lag3	0.000124672313337735	0.0010751219773006	0.00062009735528478
Master_msaldodolares	0.000123410630319159	0.000101858535493777	9.3014603292717e-05
Visa_delinquency_lag3	0.000121299611028791	0.000662303567869649	0.000434068148699346
Visa_madelantodolares_lag2	0.000120172795398406	7.18445960443413e-05	0.000217034074349673
active_quarter_lag3	0.000116043981935697	0.000301784452132687	0.000217034074349673
Visa_madelantopesos_lag1	0.000113830447378383	0.000189593556503947	0.000496077884227824
Master_madelantopesos	0.000113686747638088	0.000150012354732405	0.000403063280935107
cpagomiscuentas	0.000112207232657469	0.002523897603425	0.000527082751992063
mplazo_fijo_dolares_lag3	0.000111512656541673	0.00280434763134979	0.000589092487520541
Visa_Finiciomora_lag2	0.000111487957666588	0.000716239600997664	0.000186029206585434
active_quarter_lag2	0.000111474807776898	0.000384312808198048	0.000434068148699346
ccajas_depositos_lag1	0.00010936184403364	0.00138126092089466	0.000279043809878151
Master_madelantodolares_lag3	0.000106356871013314	0.000164982113766595	0.000496077884227824
ctarjeta_visa_debitos_automaticos_lag3	0.000106308865769396	0.00167878786828849	0.000341053545406629
ctarjeta_debito_transacciones_lag2	0.000101759592953719	0.00144609512903335	0.000558087619756302
mtarjeta_master_consumo_lag2	0.000101677309938831	0.00040212411891725	0.00031004867764239
Visa_madelantopesos	0.000101408420969978	0.000241628437490927	0.000372058413170868
Visa_msaldodolares_lag3	0.000101348948959856	0.000607092283228672	0.000465073016463585
Master_madelantopesos_lag1	0.00010074855458436	0.000214323754881463	0.00062009735528478
cseguro_accidentes_personales_lag2	9.43996990607785e-05	0.000625994429101596	0.000372058413170868
otros_cajeros	8.82569294155681e-05	0.000971625286508236	0.000403063280935107
mtarjeta_master_consumo_lag1	8.81551296068837e-05	0.000626077434161561	0.000403063280935107
Master_msaldodolares_lag3	8.38427192328407e-05	0.000161559261187221	0.000279043809878151
Master_delinquency_lag2	8.28272708956018e-05	0.000490758921856766	0.000186029206585434
Master_cadelantosefectivo_lag2	8.25096799607414e-05	0.000246886250543049	0.000465073016463585
Visa_madelantopesos_lag2	8.13691818778168e-05	0.000137758312420253	0.000217034074349673
Master_mpagado_lag1	7.85195586557849e-05	0.00077484232372304	0.000434068148699346
Master_cadelantosefectivo	7.73421110382698e-05	0.00014535796545843	0.000403063280935107
cseguro_accidentes_personales	7.3212264356064e-05	0.000712850906150855	0.000341053545406629
mcheques_depositados	7.1039683765821e-05	0.000153473435654962	3.1004867764239e-05
Visa_cadelantosefectivo	7.07809957828936e-05	8.65066700108349e-05	0.000279043809878151
ccaja_ahorro_lag2	7.04811605756452e-05	0.000648815865066053	0.000186029206585434
ctarjeta_visa_transacciones_lag1	6.95288295784875e-05	0.000730363911905087	0.000403063280935107
mttarjeta_master_debitos_automaticos	6.90187079726135e-05	0.000292256480052185	0.000186029206585434
internet_lag3	6.90175828197011e-05	9.96834135599346e-05	0.000124019471056956
deposito_menos_que_ultimo_mes	6.84312395180903e-05	0.00100231308899779	0.00031004867764239
ccomisiones_mantenimiento_lag3	6.65995956243983e-05	0.000460420306964886	9.3014603292717e-05
Master_mpagado_lag2	6.58539651145839e-05	0.000877927705860055	0.00031004867764239
matm_other_lag3	6.52956434443326e-05	0.00067157571092205	0.00031004867764239
Master_mpagado_lag3	6.50635135721776e-05	0.000177428890642291	0.000248038942113912
Visa_madelantodolares_lag1	6.03487859309589e-05	0.000115480568447722	0.000217034074349673
Master_mpagado	5.95315126761413e-05	0.00014358025900892	0.000279043809878151
Master_cadelantosefectivo_lag1	5.91800503152307e-05	0.000134332185654079	0.000341053545406629
Master_madelantodolares_lag1	5.76479800369877e-05	0.000109121389749195	0.00031004867764239
cprestamos_personales_lag3	5.46141938211128e-05	0.00100623698064915	0.000248038942113912
tiene_seguro	5.37505181918483e-05	0.00168820779220458	0.000341053545406629
Master_madelantodolares_lag2	5.2422291793489e-05	9.04664007339288e-05	0.000279043809878151
ctarjeta_debito_transacciones_lag1	5.23000190432803e-05	0.000551299432218727	0.000217034074349673
cseguro_accidentes_personales_lag1	4.95600962650263e-05	0.000325182587431678	0.000217034074349673
Visa_Finiciomora_lag3	4.95275722354932e-05	0.000714580915662923	0.000155024338821195
ctarjeta_debito_lag3	4.85848180797168e-05	0.0013771967701601	0.00031004867764239
matm_other_lag1	4.79648343496289e-05	0.000768236342132996	0.000217034074349673
mforex_sell	4.77839344868166e-05	0.00151926674413871	0.00031004867764239
matm_lag1	4.60536529713698e-05	0.000543346786446861	0.000217034074349673
Visa_cadelantosefectivo_lag1	4.58202549350439e-05	0.000126555461054078	0.000124019471056956
ctarjeta_debito_transacciones_lag3	4.26452685941448e-05	0.000188550418287669	0.000217034074349673
ccomisiones_mantenimiento	4.17217420832311e-05	0.00153473435654962	0.00031004867764239
cpagomiscuentas_lag2	4.00258502644917e-05	0.00122581545137901	0.000279043809878151
Visa_cadelantosefectivo_lag2	3.95949168777125e-05	8.54630008453452e-05	0.000217034074349673
mttarjeta_master_debitos_automaticos_lag2	3.80341813281203e-05	0.00062260130967803	0.000186029206585434
cplazo_fijo	3.71415681165623e-05	0.0012277874852397	0.000248038942113912
cextraccion_autoservicio_lag2	3.69910370205435e-05	0.00116939200968963	0.000279043809878151
total_tarjetas	3.48563946999356e-05	0.000144639768159201	6.2009735528478e-05
cprestamos_personales	3.39688344932955e-05	0.000118825636967705	6.2009735528478e-05
ccajas_consultas_lag3	3.35744851908425e-05	0.00122363316163082	0.000248038942113912
Master_madelantopesos_lag2	3.33158795666786e-05	3.75815585518904e-05	0.000124019471056956
matm_other_lag2	3.2631360688609e-05	0.000340137391396428	0.000124019471056956
mtarjeta_master_consumo_lag3	3.11250967964374e-05	0.000220420998635963	0.000155024338821195
cpagomiscuentas_lag1	3.0810360905828e-05	0.00151134816760787	0.00031004867764239
ccaja_ahorro_lag1	3.0331221559142e-05	0.000380337945422444	0.000124019471056956
cextraccion_autoservicio_lag1	2.96605750411302e-05	0.000133431341826312	9.3014603292717e-05
Master_cadelantosefectivo_lag3	2.94673248251818e-05	5.47451997253731e-05	0.000217034074349673
saco_mas_que_ultimo_mes	2.94575401440467e-05	9.48132819232781e-05	9.3014603292717e-05
Master_msaldodolares_lag2	2.9199186598441e-05	6.62934335532156e-05	9.3014603292717e-05
mttarjeta_master_debitos_automaticos_lag3	2.87994568211925e-05	0.000245491358474573	9.3014603292717e-05
qtd_debito_automatico	2.80376545160813e-05	0.00163459422223063	0.000341053545406629
ccajas_depositos_lag3	2.66451189650459e-05	0.000920840613929773	0.000186029206585434
ccheques_depositados_lag1	2.61649282488951e-05	0.000306946871309924	6.2009735528478e-05
mcheques_depositados_lag1	2.21254956615375e-05	0.000153473435654962	3.1004867764239e-05
internet_lag2	2.20076502754879e-05	0.00150383302398576	0.00031004867764239
ctarjeta_debito_lag2	2.16084162586923e-05	0.000193430372484726	6.2009735528478e-05
cpagomiscuentas_lag3	2.02395292851917e-05	0.00104685371036495	0.000248038942113912
ctarjeta_master	1.98790494436124e-05	6.19071736307272e-05	9.3014603292717e-05
ctarjeta_visa_lag3	1.89492236485308e-05	0.00013569291998999	6.2009735528478e-05
ctarjeta_master_transacciones	1.8849533456894e-05	0.000137832202852099	6.2009735528478e-05
ccomisiones_otras	1.84889962678894e-05	0.000740694148243206	0.000155024338821195
ctarjeta_master_debitos_automaticos_lag2	1.84467226400892e-05	0.000613893742619849	0.000124019471056956
ctransferencias_recibidas_lag3	1.80775000852562e-05	0.00103707521874846	0.000217034074349673
Master_delinquency_lag3	1.78677748338674e-05	3.66582378741967e-05	6.2009735528478e-05
ctransferencias_recibidas_lag1	1.75417434656402e-05	4.12375863263696e-05	3.1004867764239e-05
cseguro_vivienda	1.62879054319306e-05	0.000306946871309924	6.2009735528478e-05
cseguro_vida_lag2	1.54350831155556e-05	0.000747146597019774	0.000155024338821195
ctarjeta_visa_debitos_automaticos	1.49755951772617e-05	0.000115340220872983	6.2009735528478e-05
mcheques_depositados_lag3	1.47606473798127e-05	0.000920840613929773	0.000186029206585434
matm_other	1.46533866134198e-05	0.00072375270931447	0.000155024338821195
disminuyo_uso_seguro	1.45371199787653e-05	0.000149595825076482	3.1004867764239e-05
mforex_sell_lag1	1.43574744345617e-05	0.000759466565525609	0.000155024338821195
mttarjeta_master_debitos_automaticos_lag1	1.4281262207403e-05	0.000153300965652966	6.2009735528478e-05
ctransferencias_emitidas	1.28305057993568e-05	0.00074979311336133	0.000155024338821195
cseguro_vida	1.27160029999998e-05	0.00010247151635772	3.1004867764239e-05
ccomisiones_otras_lag3	1.2604680034985e-05	0.000138558895338702	6.2009735528478e-05
ctarjeta_visa_debitos_automaticos_lag2	1.22146096365338e-05	0.000196959414906274	6.2009735528478e-05
catm_trx_other_lag1	1.14533465044123e-05	0.000458375090604636	9.3014603292717e-05
aumento_pago_mis_cuentas	1.13617873201588e-05	0.000213028858247699	6.2009735528478e-05
Master_status_lag3	1.13411427829894e-05	2.8986198760272e-05	0.000124019471056956
catm_trx	1.0049638388621e-05	0.000436941201911238	9.3014603292717e-05
ccajas_extracciones_lag3	9.77471894049007e-06	2.31624823409025e-05	3.1004867764239e-05
mforex_sell_lag3	8.91324395167877e-06	0.000318292459522287	9.3014603292717e-05
cseguro_vida_lag3	8.72675101769679e-06	6.0049028375771e-05	3.1004867764239e-05
Visa_status_lag3	8.72201824723353e-06	5.49297045761486e-05	0.000124019471056956
ctarjeta_visa_lag2	8.45616764234063e-06	8.7822539138428e-06	3.1004867764239e-05
ccajas_extracciones_lag1	8.29457885506906e-06	0.000460420306964886	9.3014603292717e-05
cproductos_lag1	8.29433785296065e-06	1.51290437974492e-05	3.1004867764239e-05
cproductos_lag3	8.2910806621226e-06	0.000177652685734671	6.2009735528478e-05
mplazo_fijo_dolares_lag1	8.27027355125517e-06	0.000613893742619849	0.000124019471056956
ccajas_otras_lag3	8.07364798822747e-06	0.000613893742619849	0.000124019471056956
ctarjeta_debito	7.18182281247391e-06	9.71303442794917e-05	3.1004867764239e-05
Master_msaldodolares_lag1	6.55733757747445e-06	3.3419447687922e-05	3.1004867764239e-05
mcheques_emitidos_lag2	6.13095411041136e-06	0.000306946871309924	6.2009735528478e-05
ctarjeta_visa_lag1	6.04883349056966e-06	3.11658337624067e-05	3.1004867764239e-05
ctarjeta_master_transacciones_lag1	6.0214410730172e-06	6.82900680606724e-05	3.1004867764239e-05
ccomisiones_otras_lag2	5.56315725200319e-06	7.16098280016039e-05	6.2009735528478e-05
Master_status_lag2	4.84115066569023e-06	1.34215111353083e-05	6.2009735528478e-05
ccuenta_debitos_automaticos_lag3	3.94748197566188e-06	0.000131150030050296	3.1004867764239e-05
mcaja_ahorro_adicional_lag3	3.91042071073414e-06	0.000306946871309924	6.2009735528478e-05
cextraccion_autoservicio_lag3	2.62183513952897e-06	0.000140676586266236	3.1004867764239e-05
cpayroll_trx_lag2	2.51481680446382e-06	0.000153473435654962	3.1004867764239e-05
catm_trx_lag1	2.33336043937754e-06	0.000148425878490342	3.1004867764239e-05
ctransferencias_recibidas	2.14940258317046e-06	0.000153473435654962	3.1004867764239e-05
ctarjeta_master_transacciones_lag3	2.06169514499355e-06	0.000151543877731145	3.1004867764239e-05
ccajas_otras	1.96447553760969e-06	0.000153473435654962	3.1004867764239e-05
ctarjeta_master_debitos_automaticos_lag3	1.94270870596659e-06	0.000153473435654962	3.1004867764239e-05
mcaja_ahorro_adicional_lag1	1.6999139992203e-06	0.000153473435654962	3.1004867764239e-05
ccaja_seguridad_lag2	1.4481252152718e-06	0.000153473435654962	3.1004867764239e-05
