Feature	Gain	Cover	Frequency
ctrx_quarter	0.166459945767785	0.0497292021039851	0.0626384335961726
tiempo_sin_disminuir	0.0776137494529496	0.0381932058663941	0.031452113050412
cpayroll_trx	0.0383901835557964	0.021323160888754	0.0121600070878001
deudas	0.0369679545876913	0.0228958908848865	0.0300788517763799
disminuye_saldo_corriente	0.0311089345949304	0.00597716259383444	0.00367679631434394
mpasivos_margen	0.0270214397400348	0.0264657495052038	0.0392043944360769
cliente_edad	0.0265728126411631	0.0278436136139847	0.0318286524320014
mrentabilidad_annual	0.0243874793550671	0.0231621069608409	0.0225702135199787
Master_fechaalta	0.0239164012160702	0.0214841871973843	0.023987773544786
Visa_Fvencimiento	0.0214454574426177	0.0259353990280373	0.0253831841942057
mcuenta_corriente	0.0199343862528548	0.0217256727076366	0.0178966953131922
activos	0.0198594782549511	0.0180662256404181	0.0290599805085497
Master_Fvencimiento	0.0196127202423246	0.017969924579283	0.02330114290777
numero_de_cliente	0.0190323944399648	0.0204821463086299	0.0247187029325773
Visa_fechaalta	0.0185368611890499	0.016264241659166	0.0215734916275361
mactivos_margen	0.0180136871887421	0.0205669149816137	0.0239213254186232
Master_mfinanciacion_limite	0.0172424726026707	0.020542847584431	0.0220829272614512
mrentabilidad	0.0167716714622318	0.0139856440830802	0.0156596083990431
chomebanking_transacciones	0.0154913032357875	0.0132438170331723	0.021750686630637
cliente_antiguedad	0.0150729325287896	0.0143971929780579	0.0200673341011783
Visa_mfinanciacion_limite	0.0150133291729593	0.0130352786341762	0.017387259679277
mcaja_ahorro	0.0145384220662884	0.0197761888075215	0.0297023123947905
balance	0.014244592536433	0.0136903205291955	0.010388057056791
tiempo_sin_aumento	0.0142007156475864	0.018679748690064	0.0134225214848941
mcuentas_saldo	0.0114168922072593	0.0104088120771791	0.0186054753255958
ctarjeta_visa_transacciones	0.00994994879628719	0.0144620441151704	0.0171214671746257
mcaja_ahorro_dolares	0.00953745230890424	0.0125885570793517	0.0108531939399309
ccomisiones_otras	0.00911065836250023	0.0130126904399962	0.018251085319394
Visa_mpagospesos	0.00904242039050552	0.00988905431209223	0.016301940285284
Visa_mpagominimo	0.00903773821911442	0.0116676565449698	0.0176087534331532
Visa_mconsumospesos	0.00871105714648424	0.00784772044802325	0.0141313014972978
mcomisiones_otras	0.00814931667745013	0.0125375493040785	0.0130681314786923
mtransferencias_recibidas	0.00795720483044761	0.0112907789993989	0.0102551608044653
mtarjeta_visa_consumo	0.00788584906803213	0.00959088250561738	0.0148179321343138
mcomisiones	0.00639564454308411	0.0122613946924483	0.0112075839461327
cproductos	0.00637273825471202	0.0113403075716695	0.0133117746079561
cdescubierto_preacordado	0.00636287535566101	0.00245630425900109	0.00155045627713299
active_quarter	0.0061743458076561	0.00240762094558915	0.00132896252325684
balance_transferencias	0.0060366289907407	0.00813383607561796	0.00932488703818552
mcomisiones_mantenimiento	0.00589023916058954	0.00888347277785285	0.00666696199167184
aumento_saldo_corriente	0.00524787245111064	0.00371210714371806	0.00349960131124302
mprestamos_personales	0.00511994492527057	0.00961592105127596	0.00321165943120404
mttarjeta_visa_debitos_automaticos	0.00507266305748887	0.00712592108740178	0.00781872951182777
uso_tar_debito_ult_mes	0.00507089106731388	0.00618963953942717	0.00925843891202268
uso_tar_visa_ult_mes	0.0050125971307625	0.00565587205836401	0.0107645964383804
disminuyo_tarjetas	0.00471907903514308	0.00876530513980803	0.00106317001860548
Visa_msaldopesos	0.00464098556377797	0.00757814356889417	0.0103659076814034
mcuenta_debitos_automaticos	0.00444701142504956	0.00865303632954272	0.00529370071763976
ccallcenter_transacciones	0.00444380859354968	0.00789306094249155	0.00416408257287145
Master_mpagominimo	0.00427903808309762	0.00847941656313014	0.00469566758217418
ctransferencias_recibidas	0.00418338218123156	0.00483734451112041	0.00719854700097457
Visa_msaldototal	0.00417571844565687	0.00505292373656669	0.00686630637016036
ccaja_ahorro	0.00395002966083047	0.0111761272785214	0.00640116948702047
cmobile_app_trx	0.00391504170542589	0.00226645372407936	0.00363249756356871
mautoservicio	0.00384946735323108	0.00692752579470951	0.00848321077345619
thomebanking	0.00370645747696618	0.00203167633200314	0.00243643129263755
Visa_mpagado	0.00367404623442754	0.00424590384915665	0.00334455568352972
Visa_cconsumos	0.00357300863280035	0.00495484223655917	0.0077079826348897
ctarjeta_debito_transacciones	0.00345185047094687	0.00452160435895318	0.00759723575795163
Master_mpagospesos	0.00341472232143639	0.00675615855323408	0.00509435633915124
ctarjeta_debito	0.0032516659171797	0.00524707699876356	0.00380969256666962
mtransferencias_emitidas	0.00316948539073509	0.00703053497402064	0.00719854700097457
ccaja_seguridad	0.00314150258226991	0.00245401126954412	0.000509435633915124
Visa_fultimo_cierre	0.00272430784534198	0.00271490401311214	0.00310091255426597
mpagomiscuentas	0.00264483960867	0.00621767470758197	0.00507220696376362
ctarjeta_visa_debitos_automaticos	0.00257453937104877	0.00253567991070326	0.00338885443430495
mpayroll	0.0025003070167612	0.0055446935421052	0.00569238947461682
Master_fultimo_cierre	0.00236061346709583	0.00338162891421759	0.00321165943120404
Visa_mconsumosdolares	0.00228918640346665	0.00653636652166783	0.00524940196686454
Master_msaldototal	0.00209865895219189	0.00280480043996983	0.00307876317887836
cprestamos_personales	0.00195890072960945	0.00959015414426046	0.00170550190484628
Visa_mlimitecompra	0.00192342624268002	0.00520189161828794	0.00197129440949765
mextraccion_autoservicio	0.00191603772159959	0.0053570752998607	0.0056702400992292
Master_msaldopesos	0.00175064881226629	0.00262759506749463	0.00281297067422699
Visa_status	0.00171511254592629	0.00127515616533958	0.000553734384690352
internet	0.00163322288709785	0.00497718764362024	0.00170550190484628
cpagomiscuentas	0.0016099025015603	0.00471474600815433	0.00294586692655267
ccajas_transacciones	0.00147760642872671	0.00207569498549036	0.000642331886240808
Master_mconsumospesos	0.00146970175716648	0.00224217501218201	0.00261362629573846
tcallcenter	0.00144335131485486	0.00116631110305757	0.00132896252325684
ccomisiones_mantenimiento	0.00135790534535391	0.0087968764573901	0.002525028794188
matm_other	0.00133782112957158	0.00384597051939873	0.00152830690174537
ctransferencias_emitidas	0.00128366430142573	0.00226707193202119	0.00259147692035085
saldo_pos	0.00125915014737788	0.00116033809032505	0.00143970940019491
disminuyo_uso_tar_debito	0.00125756716803081	0.00074442577129247	0.0011074687693807
Visa_mpagosdolares	0.00123277522839817	0.00370933757213866	0.00181624878178435
catm_trx	0.00122668965231171	0.00188811945579456	0.00186054753255958
cextraccion_autoservicio	0.00119875133742288	0.0014609197837586	0.00259147692035085
tmobile_app	0.00116346154696696	0.00149194033426521	0.000354390006201825
ccuenta_debitos_automaticos	0.00112545098110208	0.00500549482326945	0.00177195003100913
mtarjeta_master_consumo	0.00108862621370673	0.00196733999350405	0.00163905377868344
total_tarjetas	0.00105618797745867	0.00236234789198724	0.00155045627713299
tiene_seguro	0.00103863473282841	0.00377179455849458	0.00119606627093116
uso_tar_master_ult_mes	0.000979934773170301	0.00112770120705415	0.00128466377248162
matm	0.000966016243715083	0.00317461917485952	0.0028351200496146
Master_status	0.00082035716847848	0.00119464975511109	0.000221493753876141
Master_cconsumos	0.000814765964985143	0.00218750070180652	0.00150615752635776
ccajas_otras	0.000644711775688583	0.0035537942059452	0.000420838132364667
cseguro_accidentes_personales	0.000599114838290358	0.000622402763719511	0.000620182510853194
mtarjeta_visa_descuentos	0.000543130831115255	0.00382784241451538	0.000952423141667405
mcaja_ahorro_adicional	0.00047711866239643	0.00516843195644719	0.000819526889341721
uso_seguro_ult_mes	0.000472975192324855	0.00381556817683394	0.0014175600248073
mplazo_fijo_dolares	0.000456141503441324	0.00162922071384255	0.000819526889341721
mttarjeta_master_debitos_automaticos	0.000451793318516017	0.00107209396469371	0.000863825640116949
ccajas_consultas	0.000438433591972597	0.00387104503351938	0.000642331886240808
Master_mpagado	0.000424703138428193	0.00241031633221553	0.000442987507752281
ctarjeta_master_transacciones	0.00041955464404907	0.00162096370376858	0.000952423141667405
Master_mlimitecompra	0.000384015164820019	0.00090436178591624	0.000753078763178878
Master_mpagosdolares	0.000383314271487107	0.00553875874586362	0.00197129440949765
ccajas_depositos	0.000368326234261852	0.00442530779387589	0.000465136883139896
Visa_Finiciomora	0.000353371520997458	0.00265667332104946	0.000442987507752281
cseguro_vivienda	0.000340805910354534	0.000725420935146159	0.000465136883139896
catm_trx_other	0.000326698300000455	0.000594826193456108	0.000442987507752281
minversion2	0.000309243189771314	0.00372374294119775	0.000354390006201825
Visa_msaldodolares	0.000291043806533732	0.00204224431576512	0.000819526889341721
cajaahorro_saldo_pos	0.000288959575717402	0.000717222373823045	0.000420838132364667
tcuentas	0.00028584016379223	0.00181972992122594	0.000332240630814211
aumento_saldo_ahorro	0.000259052403354917	0.000114611256357631	0.000332240630814211
disminuyo_uso_tar_master	0.000233348230455391	0.000427955009739439	0.000265792504651369
Master_Finiciomora	0.000224150672207707	0.00512301278096812	0.000420838132364667
cseguro_vida	0.000216068358113794	0.000855572815146971	0.000376539381589439
Visa_delinquency	0.0002016520579694	0.00085900330721691	0.00048728625852751
mcheques_emitidos	0.000162236680600683	0.00222267336165336	0.000177195003100913
mcajeros_propios_descuentos	0.00015777895022323	0.000235168549101232	0.000199344378488527
ctarjeta_master_debitos_automaticos	0.000155514275625363	0.00143825965265441	0.000465136883139896
Master_delinquency	0.000132600103381092	0.000130300249906851	0.000155045627713298
ctarjeta_master	0.000127748925499502	7.20043650066672e-05	0.000221493753876141
disminuyo_uso_seguro	0.000126173633302556	0.000672607992682792	8.85975015504563e-05
ccajeros_propios_descuentos	0.000111837399519267	0.00288380741493577	0.000730929387791264
otros_cajeros	0.000111663644425307	0.000109890395710925	0.000155045627713298
ccajas_extracciones	0.000103077308248239	0.000340322347963295	0.00011074687693807
mforex_sell	9.91172624378628e-05	0.00066980694869908	0.000155045627713298
usa_tarjeta_debito	9.35854144318002e-05	0.000114492110827023	0.000177195003100913
saco_mas_que_deposito	9.15255430237133e-05	0.00015198024041963	6.64481261628422e-05
total_tarjetas_ult_mes	8.20168341400637e-05	0.000140369171257612	0.000354390006201825
ctarjeta_master_descuentos	8.10133781395566e-05	0.00202448713564687	0.000132896252325684
usa_tarjeta_visa	6.97900053211411e-05	6.14408773024421e-05	0.000155045627713298
ctarjeta_visa	6.84497695567336e-05	0.000213036704783697	0.000332240630814211
cforex	6.41366214887995e-05	9.11822993766915e-05	8.85975015504563e-05
disminuye_saldo_ahorro	6.08174262242636e-05	0.000694577978921011	0.000199344378488527
cinversion2	5.85781683639517e-05	0.00246599551150011	0.000177195003100913
invierte	5.58147040423326e-05	0.000101750283138675	6.64481261628422e-05
cseguro_auto	3.69814860008228e-05	0.000623643675660931	6.64481261628422e-05
hace_transferencias	3.6603365591123e-05	2.86219036923162e-05	6.64481261628422e-05
mpagodeservicios	3.63815249330391e-05	0.000936214107108231	0.000155045627713298
recibe_transferencias	3.27950918439323e-05	0.000174305415220792	8.85975015504563e-05
ccheques_depositados	2.98802913621583e-05	0.000250378712499144	6.64481261628422e-05
ccheques_emitidos	2.58318736692268e-05	0.000274648432280973	4.42987507752281e-05
cuentacorriente_saldo_pos	2.16797462406415e-05	2.1488908058031e-05	2.21493753876141e-05
Master_mconsumosdolares	1.84700209578915e-05	0.000256443894415722	0.000132896252325684
cplazo_fijo	1.29816372014088e-05	0.000346744966471695	4.42987507752281e-05
pago_mis_cuentas	1.02350261976362e-05	2.38538344391429e-05	2.21493753876141e-05
deposito_menos_que_ultimo_mes	1.00917195776278e-05	0.000410775573043187	4.42987507752281e-05
mprestamos_prendarios	9.9273910921307e-06	5.54768566854366e-05	4.42987507752281e-05
mcheques_depositados	7.58692176191275e-06	2.97234378432143e-05	2.21493753876141e-05
ctarjeta_visa_descuentos	7.31013123847635e-06	0.00195231866453201	0.000531585009302738
minversion1_pesos	6.69598170805633e-06	0.000394897745068098	6.64481261628422e-05
cforex_sell	5.8540037764311e-07	3.3855314923522e-06	2.21493753876141e-05
Master_msaldodolares	1.76920985268223e-07	0.00052643665888749	0.000465136883139896
recibe_sueldo	1.35469623274575e-08	0.000115177759635236	0.000199344378488527
Master_madelantopesos	2.63985271951187e-15	3.93629856780126e-06	2.21493753876141e-05
mtarjeta_master_descuentos	1.11354703274085e-15	0.000111936101991164	6.64481261628422e-05
