Feature	Gain	Cover	Frequency
mcuenta_corriente	0.13398162567127	0.0135234411057973	0.0106866150146941
ctarjeta_visa	0.115609548146207	0.00326469045206285	0.00106866150146941
mcaja_ahorro	0.100761747831764	0.0324628868745941	0.00774779588565322
ctrx_quarter	0.0961484515629882	0.0292356628941224	0.00828212663638792
mtarjeta_visa_consumo	0.06998766566174	0.0497401640337833	0.0149612610205717
cdescubierto_preacordado	0.0628869386098487	0.0112598417804982	0.0114881111407962
Visa_status	0.0564023055869113	0.012438958805431	0.00667913438418381
mcaja_ahorro_lag1	0.0287219107898144	0.00842615712329471	0.00454181138124499
mpayroll	0.0262734164037504	0.0630704615080928	0.018968741651082
mprestamos_personales	0.0251381699085974	0.0280480635755249	0.0200374031525514
Visa_Finiciomora	0.0245310827793639	0.0175277695179856	0.00454181138124499
mcuentas_saldo	0.0220148475771233	0.0395233736625389	0.0211060646540208
ctarjeta_visa_transacciones	0.0195757530584084	0.0244153017365267	0.0109537803900614
Visa_Finiciomora_lag1	0.0153471412466742	0.00688282785425339	0.00213732300293882
Master_delinquency	0.0123415368535811	0.0103734661557851	0.00534330750734705
mautoservicio	0.0100796354475288	0.0203269354510416	0.0133582687683676
ctrx_quarter_lag1	0.010005800704704	0.0102106933466847	0.00240448837830617
Visa_delinquency	0.00855836018029236	0.0153347867913976	0.00748063051028587
mcuenta_corriente_lag1	0.00819497835114977	0.0025780578036249	0.00480897675661234
internet	0.00781767097373332	0.00380114439195846	0.00694629975955116
mcuentas_saldo_lag1	0.0070582537198367	0.00205145776232696	0.00320598450440823
mpayroll_lag1	0.00655809814852466	0.0161358221197085	0.00774779588565322
mextraccion_autoservicio_lag1	0.00634755404403174	0.00068636494484357	0.00213732300293882
cpayroll_trx_lag1	0.00575671476638932	0.00470049010542399	0.000534330750734705
Master_status	0.00469288676993602	0.0157718595317611	0.00801496126102057
mprestamos_personales_lag1	0.00451813062856156	0.00747783368367963	0.00801496126102057
Visa_mpagospesos	0.00376364881650694	0.0103474658201691	0.00881645738712263
ctarjeta_debito_transacciones_lag1	0.00349373992760907	0.0031486123687958	0.00267165375367352
Visa_msaldopesos	0.00311842325674731	0.0108154838928808	0.00801496126102057
Visa_mfinanciacion_limite_lag1	0.00306939255303366	0.00284862793199993	0.00427464600587764
Visa_mpagominimo_lag1	0.00281587229634462	0.00769815374185542	0.00854929201175528
tcallcenter	0.00279926680953065	0.00679211543853036	0.00587763825808175
Visa_msaldototal	0.00279870916542079	0.0131835297306664	0.00801496126102057
mactivos_margen_lag1	0.00279853626508471	0.00163228807582588	0.00267165375367352
matm	0.00274933782104338	0.00117746568478322	0.00187015762757147
cpayroll_trx	0.0025100551975023	0.002350245052712	0.000267165375367352
Master_msaldopesos	0.00212504018111841	0.00780390869325823	0.00828212663638792
Visa_mpagominimo	0.00202857358809145	0.0179336713330842	0.0120224418915309
Visa_fechaalta	0.00194458991988616	0.0113670525581895	0.0106866150146941
ctarjeta_debito_transacciones	0.00188565324062864	0.0095700786453303	0.00320598450440823
Visa_fechaalta_lag1	0.00182923911018884	0.00500367495373022	0.00801496126102057
mcuenta_debitos_automaticos	0.00176852832088556	0.0083716147718687	0.0061448036334491
mprestamos_personales_lag3	0.00170654199982114	0.00282416764402793	0.00240448837830617
mactivos_margen	0.00166325066664918	0.00622894227359105	0.00534330750734705
thomebanking	0.00155635295809558	0.00304797386474177	0.0061448036334491
Visa_msaldopesos_lag1	0.00143452730818635	0.00844065222016351	0.00721346513491851
Master_msaldototal	0.00133296522305456	0.00340425125399658	0.00427464600587764
ccaja_ahorro	0.00129514876021417	0.00639497264440742	0.00106866150146941
Visa_delinquency_lag1	0.00122753009771975	0.00431493977930943	0.00240448837830617
Master_delinquency_lag1	0.00122285375702112	0.000640530479998831	0.000534330750734705
mplazo_fijo_dolares	0.00122268994060905	0.00680697148406574	0.00133582687683676
Master_fechaalta	0.00115079060550345	0.00854865708492136	0.00935078813785733
mpagomiscuentas	0.00113457421461638	0.00702952040025766	0.0050761421319797
mrentabilidad	0.00111310992156812	0.0021704204270211	0.00293881912904088
Visa_msaldototal_lag1	0.000999940881397724	0.00678891201911445	0.0056104728827144
ccaja_seguridad	0.000985155886638493	0.00470049010542399	0.000534330750734705
mextraccion_autoservicio	0.000969030919384683	0.00183570370478343	0.00213732300293882
internet_lag1	0.000894065365750741	0.00138133851538511	0.00267165375367352
cliente_edad_lag1	0.000891824138202116	0.00449411168949492	0.00427464600587764
ccaja_seguridad_lag1	0.000880096678964901	0.00470049010542399	0.000534330750734705
Visa_mpagospesos_lag1	0.000855722357229761	0.00276039403045409	0.00480897675661234
Master_Finiciomora_lag1	0.00079655773012146	0.00381840074612661	0.00133582687683676
Master_mpagospesos	0.000785867166683911	0.00519173522483028	0.00347314987977558
mrentabilidad_annual_lag1	0.000713296224576922	0.00261544005386052	0.00320598450440823
ccajas_transacciones_lag1	0.000708885291047931	0.00433006052053364	0.00721346513491851
Visa_mlimitecompra_lag3	0.000707612730527791	0.00174048243863368	0.00267165375367352
Visa_mfinanciacion_limite	0.000701745267417619	0.00222443940288058	0.00213732300293882
Master_fechaalta_lag3	0.000676142017043318	0.00304319129490957	0.00694629975955116
mtarjeta_master_consumo	0.00063059362720393	0.0028556574072816	0.00240448837830617
ccajas_transacciones	0.000604974668312246	0.00409351581979502	0.00667913438418381
thomebanking_lag1	0.00059516233288042	0.001209015606148	0.00347314987977558
Visa_Fvencimiento	0.000583984859345567	0.00223907587131045	0.00374031525514293
cmobile_app_trx_lag3	0.000568065199284279	0.00192818176106716	0.00400748063051029
cproductos	0.000526794760792795	0.00294516365287715	0.000534330750734705
tmobile_app_lag6	0.000524472745199321	0.00653938820590667	0.0232433876569597
mcuentas_saldo_lag3	0.000519495341705324	0.00195814952411009	0.00427464600587764
Visa_cadelantosefectivo_lag1	0.000516711963522729	0.00059152869060484	0.000801496126102057
Visa_mconsumospesos_lag6	0.000514694849399014	0.00294367774753305	0.00748063051028587
Visa_fechaalta_lag3	0.000506084199339073	0.00478223595468803	0.00480897675661234
Master_msaldototal_lag1	0.000496294413272337	0.00241704461927401	0.00347314987977558
active_quarter	0.00049567385591596	0.000765451805597127	0.000801496126102057
cliente_edad	0.000480163862702145	0.00315103373276745	0.00374031525514293
Visa_madelantodolares_lag3	0.000477659349926333	0.000409039060592353	0.00133582687683676
thomebanking_lag3	0.000476022692178359	0.00146423037666554	0.00347314987977558
mcomisiones_lag1	0.000473381766714094	0.00201452068211345	0.00293881912904088
Visa_madelantodolares_lag1	0.000463108296721721	0.000131544733630066	0.000534330750734705
Visa_mlimitecompra_lag1	0.000456398032000908	0.000896867199288334	0.00213732300293882
mrentabilidad_lag1	0.00045570588246749	0.00218340254739582	0.00347314987977558
Master_mpagominimo_lag1	0.000448803270209316	0.00381360915257774	0.0050761421319797
cmobile_app_trx_lag6	0.000441571798496667	0.00492200430210505	0.0112209457654288
Visa_msaldopesos_lag3	0.000430982664898148	0.00201619307760195	0.00427464600587764
Visa_mconsumosdolares	0.000422962945006683	0.00204648268653924	0.0050761421319797
Visa_mconsumospesos_lag1	0.000421821207168459	0.00316374814954778	0.0056104728827144
Master_Fvencimiento_lag1	0.000417977238145585	0.002779118242533	0.00587763825808175
Master_mpagominimo	0.000407450453257791	0.00443821878847478	0.00534330750734705
Visa_mconsumosdolares_lag6	0.000392216542251053	0.00288815481889616	0.0061448036334491
mtransferencias_emitidas_lag1	0.000391662028906991	0.00435840100667139	0.00400748063051029
tmobile_app	0.000385169526759292	0.00301109694263936	0.00667913438418381
cdescubierto_preacordado_lag1	0.000383322634866989	0.00161792833470705	0.00160299225220411
Visa_mpagominimo_lag3	0.000382735826244446	0.00341893284100978	0.00427464600587764
Visa_mpagospesos_lag3	0.000380283074616829	0.00279426906281276	0.00801496126102057
Visa_mconsumosdolares_lag3	0.000374316872990827	0.00281463859923017	0.00774779588565322
Master_mpagominimo_lag6	0.000359450093461522	0.00304685793178092	0.0056104728827144
Master_Fvencimiento	0.00033965979032669	0.00192681617194526	0.00587763825808175
Master_madelantodolares	0.000326934877594774	0.0016853715930578	0.00267165375367352
mcomisiones_otras_lag1	0.000319333397637966	0.00168661385805195	0.00267165375367352
Visa_mpagosdolares_lag3	0.000312608411402754	0.000468794112344918	0.00106866150146941
mpasivos_margen	0.000302894216325848	0.0013189816253276	0.00160299225220411
mtransferencias_recibidas	0.000298531649720501	0.000547378652870816	0.00133582687683676
Visa_mconsumototal_lag3	0.000294222265349218	0.0021134657353401	0.0050761421319797
numero_de_cliente	0.000292833629434578	0.00477826852726119	0.00454181138124499
foto_mes_lag3	0.000290095532669675	0.0016212490624396	0.00320598450440823
Visa_cconsumos_lag3	0.000287435893320179	0.00344269830279862	0.00534330750734705
Master_Fvencimiento_lag6	0.000286348692266532	0.00252347935733222	0.00748063051028587
mtarjeta_master_consumo_lag1	0.000282248422193445	0.000411725120252831	0.00106866150146941
mrentabilidad_annual	0.000281872689632497	0.00162618202754955	0.00267165375367352
cdescubierto_preacordado_lag3	0.000275859322982329	0.000901168504231764	0.000801496126102057
Visa_mpagosdolares	0.000272943689654022	0.000698859784518399	0.00187015762757147
Master_mfinanciacion_limite	0.000272150361982219	0.00208637052210205	0.00534330750734705
Visa_mconsumospesos	0.000263372860854471	0.00202887440742117	0.0050761421319797
Master_fechaalta_lag1	0.000261581112858657	0.00426116745170545	0.00694629975955116
mcuenta_corriente_lag3	0.000260386462791282	0.000687279348132243	0.00133582687683676
Visa_mlimitecompra	0.000258801737818733	0.000702261725700929	0.00133582687683676
Visa_msaldototal_lag3	0.000257358181317682	0.0018538112962236	0.00400748063051029
Master_mlimitecompra_lag3	0.000256266939330825	0.00130583407014737	0.00400748063051029
mcuenta_debitos_automaticos_lag1	0.000252343851472227	0.00179923284993093	0.00347314987977558
mtransferencias_emitidas	0.000251047822577473	0.00347466331512996	0.00480897675661234
Master_fechaalta_lag6	0.000248606470052894	0.00260919564192866	0.00721346513491851
Visa_fechaalta_lag6	0.00024354181297648	0.0020282397393491	0.00454181138124499
Master_mlimitecompra	0.00024192114357961	0.00112115468489096	0.00267165375367352
Master_msaldototal_lag3	0.000239315869881243	0.00228114443840053	0.00267165375367352
Visa_mconsumototal_lag6	0.000236775155069088	0.00156785272302998	0.0050761421319797
ctrx_quarter_lag3	0.000233653727385839	0.00124778149293885	0.00187015762757147
tmobile_app_lag1	0.00023330545823242	0.00156992216205171	0.00240448837830617
Visa_fultimo_cierre_lag1	0.000228968450987498	0.000560956338545389	0.000801496126102057
Master_msaldopesos_lag1	0.000227618114716943	0.00280940183565919	0.00400748063051029
Visa_mpagominimo_lag6	0.000217096746861381	0.00119379259613493	0.00347314987977558
Master_mlimitecompra_lag1	0.00021493550762675	0.00138305001364581	0.00267165375367352
Visa_Fvencimiento_lag1	0.000213099644140875	0.000810362843436528	0.00213732300293882
mpayroll_lag3	0.000211651495539501	0.0021486311591818	0.00347314987977558
Master_mpagospesos_lag1	0.000208065270379197	0.00183378466103944	0.00320598450440823
mcuenta_debitos_automaticos_lag6	0.000206409371012714	0.00125622167592575	0.00187015762757147
Master_mfinanciacion_limite_lag3	0.000206230265445412	0.00196770564005783	0.00293881912904088
Master_mfinanciacion_limite_lag1	0.000205948843419371	0.00165820719799199	0.00480897675661234
Visa_msaldototal_lag6	0.00020299631155406	0.0011125520750041	0.00213732300293882
mpagomiscuentas_lag1	0.000201112806719399	0.00223689814768875	0.00320598450440823
Master_fultimo_cierre_lag3	0.00020046285723761	0.000946013368148958	0.00240448837830617
ctrx_quarter_lag6	0.000195458441255227	0.00148690697664353	0.00213732300293882
Master_mconsumosdolares_lag1	0.000194782200120479	0.00146322874411578	0.00160299225220411
cmobile_app_trx	0.000192385818606199	0.00332058636098855	0.00801496126102057
Visa_mconsumospesos_lag3	0.00019143326802155	0.00194522455394092	0.00534330750734705
Master_mpagospesos_lag6	0.000187044394939844	0.00084686979315569	0.00213732300293882
Master_msaldopesos_lag6	0.000184105477046885	0.00216099966682333	0.00400748063051029
Visa_cconsumos_lag6	0.000179300178324692	0.00175215010428093	0.00400748063051029
Visa_mpagospesos_lag6	0.000177832940185341	0.00234559182281865	0.00534330750734705
Master_cconsumos	0.000176327808130165	0.00111158352941544	0.00320598450440823
ctarjeta_visa_transacciones_lag3	0.000175252508849683	0.00106645893028164	0.00213732300293882
mautoservicio_lag6	0.000174064418059364	0.00196642427229147	0.00427464600587764
mcheques_emitidos_lag1	0.000173898260812646	0.00232706914041191	0.000534330750734705
cmobile_app_trx_lag1	0.000172567217014852	0.00173541411777377	0.00320598450440823
Visa_Fvencimiento_lag6	0.000167795969116025	0.00162476831193877	0.00347314987977558
cliente_antiguedad_lag3	0.000164220179013539	0.00296759059669408	0.00240448837830617
mcaja_ahorro_dolares_lag1	0.000163740693211477	0.00086069412708576	0.00267165375367352
mcuentas_saldo_lag6	0.000162999829308734	0.000748216506767861	0.00187015762757147
Master_status_lag1	0.000162234618169954	0.0014934702265642	0.00106866150146941
mcomisiones	0.000161916742356428	0.00278313680435428	0.00267165375367352
internet_lag3	0.000158207479924858	0.00095698921551859	0.00240448837830617
Visa_mfinanciacion_limite_lag3	0.000157186274267404	0.00158564147648134	0.00240448837830617
Visa_mconsumototal	0.000156411525178505	0.00190312891570085	0.00347314987977558
mcaja_ahorro_lag3	0.000155630290342003	0.000526603049203497	0.00106866150146941
Visa_cconsumos_lag1	0.000154089801762598	0.000482552272352782	0.00187015762757147
Visa_Fvencimiento_lag3	0.00015340374849628	0.00178429559094556	0.00320598450440823
matm_lag1	0.000149361169310549	0.000274047267196434	0.000801496126102057
Master_mpagominimo_lag3	0.000146162522119284	0.00269237325423681	0.00320598450440823
mcaja_ahorro_dolares_lag6	0.00014406813040618	0.00105126299141856	0.00320598450440823
mtransferencias_recibidas_lag6	0.000136971532615524	0.000924696341481767	0.00187015762757147
Master_cconsumos_lag6	0.000135091681970029	0.000649912137424395	0.00267165375367352
Master_msaldodolares_lag6	0.000134532666700633	0.00105626814626183	0.00106866150146941
cliente_antiguedad_lag1	0.00013416717762689	0.00146911220738106	0.00213732300293882
Visa_msaldopesos_lag6	0.000132349747550455	0.000916009510239372	0.00213732300293882
numero_de_cliente_lag1	0.000130532568790575	0.00160046744296117	0.00213732300293882
Master_mpagospesos_lag3	0.000130314342054648	0.000890995767645276	0.00240448837830617
ccajas_transacciones_lag3	0.000130245843508146	0.00103521280737791	0.00267165375367352
ctarjeta_visa_transacciones_lag1	0.000127176300512418	0.00117877412369958	0.00133582687683676
Master_mconsumosdolares	0.000126606968847124	0.00172698295850353	0.00400748063051029
cliente_antiguedad	0.000123191041902408	0.00270121048075694	0.00213732300293882
active_quarter_lag1	0.00012287722902504	0.000479577453759039	0.000534330750734705
mpasivos_margen_lag1	0.000122006983468538	0.00115996268235958	0.000801496126102057
mcomisiones_lag3	0.000121189084268893	0.000639324309871338	0.00133582687683676
Visa_mconsumototal_lag1	0.000120862850851948	0.00155032565736189	0.00347314987977558
Master_mpagado_lag6	0.000119781520738317	0.000789872990796919	0.00106866150146941
numero_de_cliente_lag3	0.000119457787614336	0.00259220999926045	0.00187015762757147
mextraccion_autoservicio_lag6	0.000119183182098194	0.00167138784013332	0.00293881912904088
Master_mconsumototal_lag1	0.000118520164398055	0.000911109632090529	0.00267165375367352
Visa_mconsumosdolares_lag1	0.000117463344574651	0.00123149067645381	0.00400748063051029
Visa_delinquency_lag3	0.000116380403364001	0.000426866916815924	0.000534330750734705
ctarjeta_master	0.000114945559997084	0.000198954905019712	0.000267165375367352
Master_mconsumototal_lag3	0.000114634530969461	0.000951602056669861	0.00240448837830617
Master_cconsumos_lag3	0.000113083208120156	0.000746411763434954	0.00240448837830617
cliente_edad_lag3	0.000112755793758862	0.00161366312463028	0.00213732300293882
Visa_madelantopesos_lag1	0.000112663190955269	9.46617957165482e-05	0.000267165375367352
Visa_fultimo_cierre	0.000111062497744842	0.00055781006933502	0.000534330750734705
Master_msaldototal_lag6	0.000110458884359204	0.00141841395925414	0.00267165375367352
Master_mconsumospesos_lag3	0.000109402680422606	0.00132336715162657	0.00320598450440823
mpasivos_margen_lag3	0.00010805090334698	0.00027842677768429	0.00106866150146941
Master_fultimo_cierre	0.000107530023363476	0.000374568462933822	0.00133582687683676
Master_Fvencimiento_lag3	0.00010501639073373	0.00113053333441097	0.00347314987977558
mcaja_ahorro_dolares	0.000103220046682609	0.00153994537529212	0.00374031525514293
mcaja_ahorro_lag6	9.84343727826265e-05	0.0012132988636581	0.00240448837830617
mtarjeta_visa_consumo_lag3	9.7723592561618e-05	0.000235284388311138	0.000534330750734705
numero_de_cliente_lag6	9.76323085497551e-05	0.00214024211058934	0.00240448837830617
mactivos_margen_lag3	9.34405284948565e-05	0.0003790863370772	0.000801496126102057
Master_mfinanciacion_limite_lag6	9.21463283853664e-05	0.00149917321549619	0.00320598450440823
tcallcenter_lag1	8.89661835246692e-05	0.00186639938097063	0.00187015762757147
ctarjeta_master_transacciones_lag3	8.85622287698092e-05	0.00045880786590283	0.000267165375367352
Visa_mfinanciacion_limite_lag6	8.75333123343584e-05	0.000967396568738356	0.00160299225220411
Master_mpagosdolares	8.53979642275833e-05	0.00120166428497196	0.00267165375367352
mtarjeta_visa_consumo_lag1	8.47934685209051e-05	0.00233561760799878	0.00187015762757147
Visa_mpagosdolares_lag1	8.38600093993748e-05	0.00016655073847736	0.000801496126102057
Master_mconsumospesos_lag1	8.37826746330443e-05	0.000912926407045655	0.00213732300293882
Master_mlimitecompra_lag6	8.25561046607388e-05	0.000850602603949253	0.00213732300293882
mautoservicio_lag1	8.19942455599109e-05	0.00260767965752902	0.00480897675661234
Master_msaldopesos_lag3	8.18537917433647e-05	0.00117797402082199	0.00213732300293882
Master_mconsumosdolares_lag6	8.09473786431631e-05	0.00100872819896749	0.00267165375367352
cliente_antiguedad_lag6	7.85911183321812e-05	0.00162258156460039	0.00187015762757147
cseguro_accidentes_personales	7.74507686071388e-05	0.0015390008929479	0.000534330750734705
cliente_edad_lag6	7.51650227257271e-05	0.000353865048999819	0.00106866150146941
matm_lag6	7.51337536286822e-05	0.000742880482313565	0.00106866150146941
mpayroll_lag6	7.50609420097242e-05	0.000618750235876194	0.00187015762757147
mcaja_ahorro_dolares_lag3	7.46950614845132e-05	0.00101057204507261	0.00213732300293882
mcomisiones_otras	7.40581589756238e-05	0.00142673382601884	0.00160299225220411
Master_mconsumototal_lag6	7.40263617955956e-05	0.000529156761019561	0.00133582687683676
mcomisiones_otras_lag3	7.24281898991196e-05	0.000211726472005587	0.000267165375367352
mprestamos_personales_lag6	7.21038035413309e-05	0.000499077705471104	0.000801496126102057
foto_mes_lag6	7.05075420591762e-05	0.000597941545247771	0.00133582687683676
mtransferencias_emitidas_lag6	6.86259313576832e-05	0.00113388414119906	0.00160299225220411
matm_lag3	6.56675015743753e-05	0.000609747574550541	0.00160299225220411
ctarjeta_debito_transacciones_lag6	6.5658993004666e-05	0.00141226580030003	0.00160299225220411
mtarjeta_master_consumo_lag6	6.31820529816054e-05	0.000239134507421341	0.000534330750734705
Master_msaldodolares_lag3	6.28903207050215e-05	0.00125378527242632	0.000801496126102057
mtransferencias_emitidas_lag3	6.19335136743114e-05	0.000762143109486797	0.00133582687683676
Visa_cconsumos	6.13119143146984e-05	0.000350126222395146	0.00133582687683676
cprestamos_personales	6.04207670733213e-05	0.0010608461785163	0.000267165375367352
foto_mes_lag1	5.94924342527691e-05	0.000403681980799173	0.000534330750734705
Master_mconsumototal	5.91730238088024e-05	0.000741280276558387	0.00160299225220411
Master_mpagado_lag3	5.80838597312247e-05	5.18502759544297e-05	0.000267165375367352
Visa_msaldodolares_lag1	5.79150218222972e-05	0.000511587584673707	0.000267165375367352
mautoservicio_lag3	5.74219862264412e-05	0.00103536320265565	0.00240448837830617
mrentabilidad_lag6	5.72093297713181e-05	0.000601376573391405	0.00133582687683676
Master_fultimo_cierre_lag6	5.56847366813752e-05	0.000762669492958895	0.00106866150146941
mcomisiones_mantenimiento	5.48347456823562e-05	0.000166628944021786	0.000267165375367352
Master_status_lag6	5.33584378190942e-05	0.000215354006104731	0.000267165375367352
Master_mconsumosdolares_lag3	5.32495227537366e-05	0.000733318350554711	0.00293881912904088
Visa_cadelantosefectivo	5.24331349182484e-05	0.0011249687091345	0.000267165375367352
thomebanking_lag6	5.08986632064944e-05	0.000571077940737445	0.00133582687683676
mactivos_margen_lag6	5.06124586219441e-05	0.000484293849669037	0.00106866150146941
Master_mpagosdolares_lag6	5.01331985845003e-05	0.000454497537242736	0.00187015762757147
mtransferencias_recibidas_lag1	5.00257214196413e-05	0.00155271092646688	0.00213732300293882
matm_other_lag3	4.93478196301354e-05	0.000832167150803604	0.00106866150146941
Master_status_lag3	4.84307027092983e-05	0.000108413939913303	0.000267165375367352
Master_mpagosdolares_lag1	4.73784269088894e-05	0.000341102505730609	0.00160299225220411
mttarjeta_master_debitos_automaticos_lag1	4.70350737572768e-05	0.000655939980156306	0.000801496126102057
Master_fultimo_cierre_lag1	4.69943683628719e-05	0.000271343160102628	0.000801496126102057
mttarjeta_visa_debitos_automaticos_lag6	4.67904335341658e-05	0.000716338723697607	0.00106866150146941
mcuenta_debitos_automaticos_lag3	4.66945019788811e-05	0.0010287247550961	0.00160299225220411
Visa_fultimo_cierre_lag6	4.48250603480904e-05	0.000635591499077775	0.000801496126102057
mextraccion_autoservicio_lag3	4.25543077159091e-05	0.00044798842962205	0.000801496126102057
Master_madelantopesos	4.12653196122198e-05	0.000338223940114622	0.00106866150146941
mrentabilidad_annual_lag3	4.07327050436372e-05	0.000851592204876797	0.00133582687683676
mrentabilidad_lag3	3.99840813381228e-05	0.000857406486314314	0.00106866150146941
Visa_msaldodolares_lag6	3.9434472276648e-05	0.000173896043842293	0.000267165375367352
mttarjeta_visa_debitos_automaticos_lag3	3.9076488478254e-05	0.000425206552949649	0.000801496126102057
Master_madelantodolares_lag3	3.80257304455279e-05	0.000405570945487616	0.00187015762757147
Master_madelantodolares_lag6	3.73849628932444e-05	0.000776274249783462	0.00160299225220411
Master_madelantodolares_lag1	3.67201243624354e-05	0.000299900215440333	0.00133582687683676
cseguro_accidentes_personales_lag1	3.65323524131306e-05	0.000216184188037868	0.000267165375367352
mtarjeta_master_consumo_lag3	3.54249566428647e-05	6.70101199508519e-05	0.000267165375367352
Master_msaldodolares_lag1	3.45828804217424e-05	0.000478374291537101	0.000801496126102057
Master_madelantopesos_lag3	3.2775805934262e-05	0.000305864892155592	0.00106866150146941
mpasivos_margen_lag6	3.14317561668506e-05	0.000329443863800027	0.00106866150146941
cproductos_lag1	3.11128546052207e-05	0.000553138792008345	0.000534330750734705
Master_cadelantosefectivo_lag3	3.04700477318307e-05	0.00027121382016377	0.000801496126102057
Visa_mpagosdolares_lag6	3.02827165247194e-05	0.000822138793683748	0.00106866150146941
cseguro_accidentes_personales_lag6	2.9613670129401e-05	0.000223475351102814	0.000267165375367352
Visa_status_lag3	2.84494827969879e-05	0.000115007268889524	0.000267165375367352
matm_other	2.73605003692214e-05	0.00127649195145985	0.00133582687683676
mrentabilidad_annual_lag6	2.63287064196487e-05	0.000209064475589549	0.000534330750734705
Master_msaldodolares	2.63038284342556e-05	0.000909677869046422	0.000801496126102057
chomebanking_transacciones_lag1	2.62369325599531e-05	0.00044944726381615	0.000801496126102057
cseguro_vida	2.61414119145501e-05	0.000351834712750298	0.000267165375367352
mttarjeta_visa_debitos_automaticos_lag1	2.54769062642492e-05	0.000354571906805208	0.000534330750734705
Master_delinquency_lag6	2.5395597503218e-05	0.000628002553362899	0.000534330750734705
Master_mconsumospesos_lag6	2.35760302819441e-05	0.000450096971415997	0.00106866150146941
Visa_fultimo_cierre_lag3	2.34747406144625e-05	0.000131225895641252	0.000267165375367352
Master_cconsumos_lag1	2.23475331359328e-05	0.000766901616074563	0.00106866150146941
Master_mpagosdolares_lag3	2.0686845428965e-05	0.00019130580119374	0.000801496126102057
ctarjeta_debito_transacciones_lag3	1.95061688575026e-05	0.000371473328117886	0.00106866150146941
Master_cadelantosefectivo_lag6	1.94508866429259e-05	0.000473928607127039	0.000801496126102057
mtarjeta_visa_consumo_lag6	1.9104840794328e-05	0.000398851284478091	0.00133582687683676
mcuenta_corriente_lag6	1.90145277001792e-05	0.000226396027396569	0.000801496126102057
chomebanking_transacciones_lag6	1.8983339735573e-05	0.000689697704198339	0.000801496126102057
Visa_msaldodolares_lag3	1.86595689872578e-05	0.000485187197618826	0.000534330750734705
ctarjeta_visa_transacciones_lag6	1.85396635755363e-05	0.000126765171703416	0.000267165375367352
Visa_madelantopesos	1.61970986531742e-05	9.86442626711638e-05	0.000267165375367352
ccajas_transacciones_lag6	1.60443661217079e-05	0.000594058339176466	0.00106866150146941
mcomisiones_mantenimiento_lag6	1.57521048781618e-05	6.46850089569562e-05	0.000267165375367352
Visa_mpagado_lag6	1.37564256253214e-05	0.00043522588635284	0.000534330750734705
foto_mes	1.34838676708167e-05	0.000192972180871124	0.000534330750734705
tmobile_app_lag3	1.32443609795019e-05	0.000263294004837861	0.00106866150146941
Visa_mpagado_lag3	1.32361761862064e-05	8.50846244299196e-05	0.000267165375367352
Visa_msaldodolares	1.29935187622953e-05	0.000349202795389808	0.000534330750734705
mcomisiones_mantenimiento_lag3	1.27338830000537e-05	6.64957681009733e-05	0.000267165375367352
mttarjeta_visa_debitos_automaticos	1.25617791844753e-05	0.000108543279852161	0.000534330750734705
mcomisiones_mantenimiento_lag1	1.19866346022862e-05	7.24875159662259e-05	0.000267165375367352
mpagomiscuentas_lag3	1.04273738295996e-05	0.000380554194987965	0.00106866150146941
mtransferencias_recibidas_lag3	9.47870707630539e-06	0.000290702040253615	0.000534330750734705
Visa_madelantodolares	8.64743485908731e-06	5.66839801810667e-05	0.000267165375367352
Visa_mlimitecompra_lag6	7.77416358102876e-06	7.11098952221066e-05	0.000267165375367352
mpagomiscuentas_lag6	6.75728049198303e-06	0.00034020915778082	0.000801496126102057
mcomisiones_lag6	6.33781377777547e-06	0.00048044673846439	0.000801496126102057
tcallcenter_lag3	5.17833581609134e-06	0.000316233142603145	0.000534330750734705
Master_madelantopesos_lag1	4.11820521320166e-06	0.000148713858537125	0.000801496126102057
Master_madelantopesos_lag6	4.02841570730653e-06	0.000114757612728472	0.000534330750734705
Master_cadelantosefectivo_lag1	3.9151948961214e-06	5.48702131314948e-05	0.000267165375367352
Master_mconsumospesos	3.80151516649573e-06	0.000649572244096697	0.00187015762757147
Master_cadelantosefectivo	3.27716761706856e-06	5.17720704100037e-05	0.000267165375367352
matm_other_lag1	1.39646260293626e-06	0.000158498575307038	0.000267165375367352
tcallcenter_lag6	1.18043953382697e-07	0.000238253191093771	0.000267165375367352
mplazo_fijo_dolares_lag3	1.80037465274637e-08	4.72722436999546e-05	0.000267165375367352
