Feature	Gain	Cover	Frequency
cdescubierto_preacordado	0.282144827470164	0.0343329403535427	0.0308641975308642
mcaja_ahorro	0.219881902450095	0.0613093685839704	0.0246913580246914
Visa_status	0.0661276671664971	0.0317479063314876	0.0164609053497942
Master_status	0.0547446236206256	0.0183304919256968	0.0123456790123457
Visa_mconsumospesos	0.0464808182998003	0.009194162054697	0.01440329218107
mcuenta_corriente	0.0397185289705746	0.0494602546889126	0.0329218106995885
Visa_delinquency	0.033565883286943	0.0175122335997907	0.01440329218107
mpayroll	0.0329354380168065	0.0900291589224309	0.0288065843621399
mprestamos_personales	0.0312711011961744	0.0492043447918523	0.0452674897119342
ctrx_quarter	0.0265789397969005	0.0329404715422121	0.01440329218107
Visa_msaldopesos	0.0253364710823887	0.0437244721245086	0.0246913580246914
mautoservicio	0.0198244492098957	0.0241860750510457	0.0205761316872428
internet	0.0180206905400523	0.00417656180587949	0.0123456790123457
mtarjeta_visa_consumo	0.016375584849975	0.0470025110917992	0.0164609053497942
ctarjeta_visa_transacciones	0.0153597965925996	0.0199902606926037	0.0102880658436214
Visa_mpagospesos	0.0108727775273186	0.0329920559620777	0.0226337448559671
mcuentas_saldo	0.0084434827373291	0.034239956735167	0.0308641975308642
Visa_Finiciomora	0.0056784328140061	0.0122149248147454	0.00411522633744856
Visa_msaldototal	0.00382913521096138	0.0305607690984856	0.0267489711934156
Master_delinquency	0.00380282961881748	0.0138673776116786	0.00617283950617284
mactivos_margen	0.00280870783615668	0.0165896761230029	0.0205761316872428
Master_mlimitecompra	0.00276522373304671	0.00763249435884684	0.01440329218107
mrentabilidad	0.00274003580058849	0.00659766344811602	0.01440329218107
matm	0.00265363364988278	0.00149045809337252	0.00205761316872428
Visa_mconsumototal	0.00237535087178141	0.00516919857399449	0.01440329218107
thomebanking	0.00217915621720796	0.00768405393670916	0.0164609053497942
Visa_fechaalta	0.00203651083841086	0.0248215831796286	0.0246913580246914
Master_fechaalta	0.00175743073603141	0.0183668481975357	0.0329218106995885
ccaja_ahorro	0.00174613702394911	0.00970522416771681	0.00205761316872428
tcallcenter	0.00129364880534104	0.00601203806217221	0.00411522633744856
mtarjeta_master_consumo	0.00128058099066783	0.0073346511602054	0.00823045267489712
mpasivos_margen	0.00101149555165561	0.0125520432206142	0.0246913580246914
mrentabilidad_annual	0.00101125134817648	0.0148813909236387	0.0308641975308642
Master_mpagospesos	0.000982207489843523	0.00727853307473636	0.00823045267489712
Visa_mpagominimo	0.000917617869241163	0.0116193874694824	0.0185185185185185
mcomisiones	0.000892056510872037	0.00901025670422012	0.0205761316872428
Visa_mlimitecompra	0.000825781690382272	0.00464152958176438	0.00617283950617284
mcomisiones_otras	0.000789454864250081	0.00719599551875102	0.0205761316872428
chomebanking_transacciones	0.000673228731752822	0.00896119374769008	0.0267489711934156
active_quarter	0.000667025642456349	0.00159252146395664	0.00205761316872428
Master_msaldototal	0.000595031173474776	0.00369762040313479	0.00823045267489712
mcuenta_debitos_automaticos	0.000575837078714136	0.00860676046551678	0.00617283950617284
Visa_mpagosdolares	0.000565196453470617	0.00128594630115302	0.00411522633744856
Master_cadelantosefectivo	0.000501704181992807	0.00232508729945749	0.00617283950617284
Visa_cconsumos	0.00047622516721561	0.00327873454338317	0.00823045267489712
Master_mpagominimo	0.000472236005039617	0.00508695912204883	0.00411522633744856
cliente_antiguedad	0.000400448010156153	0.0125459569298041	0.0164609053497942
Visa_Fvencimiento	0.000388300781496783	0.00325898515075463	0.00823045267489712
Master_mfinanciacion_limite	0.000375704631960216	0.00180480880321103	0.00411522633744856
ccajas_transacciones	0.000353367941437285	0.0115707716690119	0.0164609053497942
mttarjeta_visa_debitos_automaticos	0.000351380492711192	0.013862135948981	0.0308641975308642
Master_mpagosdolares	0.000293550968848281	0.00692402526655314	0.0123456790123457
Visa_mfinanciacion_limite	0.000264879440532244	0.00386703044468242	0.00823045267489712
mtransferencias_emitidas	0.000246513191429008	0.0126408161194294	0.01440329218107
mpagomiscuentas	0.000213192789364878	0.00480758595286565	0.00617283950617284
Visa_mconsumosdolares	0.000208580897452835	0.00310099000972627	0.0102880658436214
cmobile_app_trx	0.000204370557967605	0.0105704090378686	0.0267489711934156
Master_mconsumosdolares	0.000136952872410931	0.00427266309567009	0.00823045267489712
cliente_edad	0.000132659558209449	0.00198080197563484	0.00411522633744856
numero_de_cliente	0.000131456589628915	0.00226182713803788	0.00617283950617284
ctarjeta_visa_debitos_automaticos	0.000127623744395647	0.00340695654344888	0.0102880658436214
Master_msaldopesos	0.000100589086881172	0.00611625026604233	0.0102880658436214
Visa_msaldodolares	0.000100350597827323	0.00204493160717017	0.00411522633744856
mcomisiones_mantenimiento	8.30223876938757e-05	0.00236008968211614	0.00205761316872428
Master_msaldodolares	6.17231103137192e-05	0.00203805037225431	0.00205761316872428
Master_mconsumototal	4.38768505230462e-05	0.00387089337619655	0.00205761316872428
Visa_madelantodolares	4.35161250807311e-05	0.00049488996886738	0.00205761316872428
Master_madelantodolares	3.25610017019714e-05	0.00082666734402529	0.00205761316872428
ccomisiones_otras	2.85647602092205e-05	0.00209554718890685	0.00411522633744856
Master_fultimo_cierre	2.8069627688642e-05	0.000942642236460969	0.00205761316872428
mextraccion_autoservicio	2.04463871586389e-05	0.00171408580713625	0.00411522633744856
tmobile_app	1.32778208861371e-05	0.00350246162516013	0.00823045267489712
Master_cconsumos	1.13016061994121e-05	0.00297316548171346	0.00411522633744856
Master_Fvencimiento	1.12758135738167e-05	0.00140903842753597	0.00411522633744856
mcaja_ahorro_dolares	4.0907078824944e-06	0.0012952372103896	0.00205761316872428
mtransferencias_recibidas	2.11278258591179e-06	0.000523023537611818	0.00205761316872428
Master_madelantopesos	9.21462652139761e-08	0.000483114859300172	0.00205761316872428
