Feature	Gain	Cover	Frequency
Visa_status	0.396356114012128	0.0194669817635134	0.00404040404040404
mcaja_ahorro	0.140624569326134	0.0346911607675824	0.0181818181818182
internet	0.0705596686299935	0.0272842970467942	0.0181818181818182
ctrx_quarter	0.0482571526888133	0.0467431816445174	0.0141414141414141
mcuenta_corriente	0.0339058826690391	0.0382272179825047	0.0161616161616162
Visa_Finiciomora	0.0300179641130081	0.036734474326142	0.0101010101010101
cdescubierto_preacordado	0.0293904622739787	0.03299261207119	0.0222222222222222
mprestamos_personales	0.0281436261765076	0.0613812255028035	0.0343434343434343
Visa_mpagospesos	0.0253913313356439	0.0205311984919041	0.0262626262626263
Visa_msaldototal	0.024468587457222	0.0313777008688209	0.0282828282828283
mcuentas_saldo	0.0180160883585732	0.0365963491349399	0.0303030303030303
ctarjeta_debito_transacciones	0.016234721387661	0.0103266020472974	0.00404040404040404
mpayroll	0.01612133270462	0.0631167097323772	0.0323232323232323
Visa_delinquency	0.0145489990047168	0.0130355649196994	0.0101010101010101
Visa_cconsumos	0.0131576663816088	0.00582179991723949	0.0161616161616162
cpayroll_trx	0.0130663198216838	0.00973349088175669	0.00202020202020202
Visa_mfinanciacion_limite	0.00951067872670617	0.00583005902634546	0.00808080808080808
Visa_msaldopesos	0.00892054868944575	0.0596107490598381	0.0363636363636364
mautoservicio	0.00785021832385152	0.0248560691409263	0.0101010101010101
mtarjeta_visa_consumo	0.00569703333292772	0.0151468199278276	0.0121212121212121
matm	0.00521470729862387	0.0127706505694014	0.00606060606060606
Visa_mpagominimo	0.00459383541651488	0.0333632629495294	0.0282828282828283
mactivos_margen	0.00406615919853301	0.0175735903438532	0.0323232323232323
Visa_fechaalta	0.00289301292420684	0.0276102266556157	0.0383838383838384
mpasivos_margen	0.00250229660852187	0.0144654994838867	0.0282828282828283
mrentabilidad	0.002182802961763	0.00939682318537968	0.0181818181818182
Master_status	0.00212208099596421	0.0121298034972332	0.0141414141414141
thomebanking	0.00184834316144208	0.0121399934689506	0.0282828282828283
Master_msaldototal	0.00169038044698544	0.0164045838329596	0.0202020202020202
Master_mpagominimo	0.0016006537413695	0.0106408592802028	0.0121212121212121
chomebanking_transacciones	0.00142066786916856	0.0166221235347961	0.0303030303030303
mextraccion_autoservicio	0.00133369667415038	0.00928376183659267	0.0101010101010101
Master_delinquency	0.0013255604627095	0.0049958765494643	0.00606060606060606
mcuenta_debitos_automaticos	0.00122355504937339	0.00666039223518176	0.00808080808080808
Visa_msaldodolares	0.0011759482555824	0.00115250074985984	0.00202020202020202
mcomisiones_otras	0.00111277108126405	0.0119742382566369	0.0262626262626263
tcallcenter	0.00109724990531454	0.00306770468844087	0.00202020202020202
Visa_mconsumototal	0.00105194259816007	0.00354042968444896	0.00808080808080808
cliente_edad	0.00104305749058887	0.00932312651951102	0.00606060606060606
mtarjeta_master_consumo	0.000899359174541161	0.00381481149013238	0.00202020202020202
cextraccion_autoservicio	0.000880112220731924	0.00749788832144782	0.00202020202020202
mrentabilidad_annual	0.000785159199681465	0.0138868760165213	0.0222222222222222
ctarjeta_visa_transacciones	0.00075212967974241	0.00612281516978349	0.00606060606060606
mcomisiones	0.000660057570704403	0.00695850496521943	0.0202020202020202
active_quarter	0.000631063728074614	0.00300842097767871	0.00202020202020202
ctarjeta_master	0.000496054038420536	0.00194040480995566	0.00202020202020202
cliente_antiguedad	0.000433617820602337	0.00792727479471131	0.0141414141414141
Master_mfinanciacion_limite	0.000396753690427093	0.0051265648053176	0.00808080808080808
ctarjeta_visa_debitos_automaticos	0.000356576708531884	0.00796291478136619	0.0202020202020202
Master_msaldopesos	0.000316995361708746	0.00375045770786776	0.00606060606060606
Master_fechaalta	0.000292033288185943	0.015186010210252	0.0222222222222222
Visa_mpagado	0.000258101305040161	0.0052597320396205	0.00606060606060606
tmobile_app	0.000256355892120494	0.00361457480873062	0.00808080808080808
Visa_mconsumosdolares	0.000241563410914852	0.00317675482586721	0.0101010101010101
Visa_mconsumospesos	0.000227892863899287	0.00661518513571635	0.00808080808080808
mttarjeta_visa_debitos_automaticos	0.000221308973808554	0.0030100279536586	0.00404040404040404
Master_msaldodolares	0.000207226666300823	0.000734462765880716	0.00202020202020202
numero_de_cliente	0.000205127278215068	0.00523210201850883	0.00808080808080808
Visa_mlimitecompra	0.000178496706588893	0.00316003729280505	0.00606060606060606
Master_mpagospesos	0.000171815499768358	0.00621091233358051	0.0121212121212121
Master_mconsumototal	0.000154936570937497	0.00546096529527337	0.00404040404040404
Master_fultimo_cierre	0.000151266763668966	0.00186824037699806	0.00606060606060606
Visa_Fvencimiento	0.000147381008812927	0.00145812515831516	0.00404040404040404
cmobile_app_trx	0.000127138907017649	0.00499520386184481	0.0161616161616162
ccajas_transacciones	0.000120161426454266	0.00748249124926836	0.0141414141414141
Master_Fvencimiento	0.000120096887163834	0.00383207713903265	0.0121212121212121
Master_mpagosdolares	0.0001043479978179	0.0043981562280123	0.0121212121212121
Master_mlimitecompra	9.01655523704861e-05	0.00320413570341611	0.0101010101010101
Master_mconsumosdolares	8.17140832694188e-05	0.00272085947752452	0.00808080808080808
ccomisiones_otras	7.70577251654053e-05	0.00214363121411071	0.00606060606060606
Visa_mpagosdolares	6.78621705281881e-05	0.00204898157461273	0.00202020202020202
mtransferencias_emitidas	5.02477816299832e-05	0.00455997497203426	0.00808080808080808
ctarjeta_visa	2.84577111553975e-05	0.000869236976163514	0.00202020202020202
Master_madelantopesos	2.40239980217611e-05	0.000813777619089938	0.00202020202020202
Master_cconsumos	1.67504696132754e-05	0.00301139824325386	0.0101010101010101
Visa_fultimo_cierre	1.6679764284966e-05	0.00119608841616721	0.00202020202020202
Master_mconsumospesos	1.1755633901485e-05	0.00146434129020638	0.00404040404040404
Master_madelantodolares	4.20203701117786e-06	0.00107151663478003	0.00404040404040404
Master_cadelantosefectivo	2.64878666368482e-07	0.000584353769309156	0.00202020202020202
