Feature	Gain	Cover	Frequency
Visa_status	0.36176840864607	0.0156784835743928	0.00617283950617284
ctrx_quarter	0.153821913963383	0.0590758986543961	0.0246913580246914
mcaja_ahorro	0.0865854527659327	0.0440512244497378	0.0226337448559671
mcuenta_corriente	0.0577395185769221	0.054558862591201	0.0308641975308642
Visa_Finiciomora	0.0379208905969439	0.0335063302987397	0.00823045267489712
Master_status	0.0337838580156394	0.0162726260885095	0.0102880658436214
mprestamos_personales	0.0335212171039344	0.0678102054936462	0.0411522633744856
cdescubierto_preacordado	0.0322516916490464	0.0339897375994791	0.0226337448559671
mpayroll	0.0318662061950166	0.0546236064180582	0.0205761316872428
internet	0.0310484175628256	0.00945276048738625	0.0205761316872428
mtarjeta_visa_consumo	0.0240668478283081	0.012571090974173	0.0123456790123457
mcuentas_saldo	0.0198972325749213	0.0231531540298073	0.0308641975308642
Visa_msaldototal	0.0117202585847206	0.034648586609782	0.0205761316872428
Visa_mpagominimo	0.00981294969358958	0.0518690757625219	0.037037037037037
mextraccion_autoservicio	0.00905906354958179	0.0236030881623273	0.0102880658436214
ctarjeta_debito_transacciones	0.00715851626663895	0.0104548899035144	0.00411522633744856
Visa_msaldopesos	0.0065531707554702	0.0359191359930706	0.0390946502057613
ctarjeta_visa_transacciones	0.00601105712003788	0.021455927521955	0.01440329218107
Visa_mpagospesos	0.00588030410213763	0.0146019790183213	0.0185185185185185
cpayroll_trx	0.00459937064516256	0.0173157196941463	0.00411522633744856
Master_delinquency	0.00370564861639729	0.0149431440194635	0.0164609053497942
Visa_mfinanciacion_limite	0.00296456151170412	0.0117895236051414	0.01440329218107
Visa_delinquency	0.00273413755550206	0.00955340397606984	0.00823045267489712
mactivos_margen	0.0027034662579168	0.0199537413258764	0.0349794238683128
tcallcenter	0.00188168268138682	0.0141858664736157	0.0102880658436214
thomebanking	0.00167090059689612	0.00508794645646944	0.01440329218107
mrentabilidad	0.00164534052106533	0.00828067697031343	0.0164609053497942
Master_Finiciomora	0.00146477478084262	0.0097228478911792	0.00205761316872428
mpasivos_margen	0.00134091071562909	0.0135562473786092	0.0226337448559671
mtarjeta_master_consumo	0.0012867060637306	0.00802757502176938	0.00617283950617284
cproductos	0.00128241307918511	0.00676815017840203	0.00205761316872428
Visa_fechaalta	0.00120943007328121	0.0222364869628729	0.0308641975308642
Master_fechaalta	0.00108743960158572	0.0161100012426136	0.0205761316872428
chomebanking_transacciones	0.000928302866417155	0.0232206478827524	0.0473251028806584
Visa_mconsumospesos	0.000915442062812993	0.00507974615243352	0.0123456790123457
mcuenta_debitos_automaticos	0.000750521776114056	0.00920856812562477	0.0123456790123457
Master_msaldototal	0.000681988539970442	0.00358746502769426	0.00411522633744856
Master_msaldopesos	0.000677382940408596	0.00680102605588745	0.0102880658436214
cliente_antiguedad	0.000647483408123621	0.00579852333305053	0.0102880658436214
Visa_cconsumos	0.000542159311036435	0.00691757241036452	0.0123456790123457
ctarjeta_visa_debitos_automaticos	0.00043334401923103	0.0049912226882279	0.01440329218107
Master_mpagominimo	0.000367444989668731	0.00974498497900909	0.00823045267489712
Visa_mlimitecompra	0.000351975526569366	0.00465574439261592	0.00823045267489712
mcomisiones_otras	0.000277384822932482	0.00731268023092355	0.01440329218107
mcomisiones	0.000276833101099747	0.0142077049160785	0.0185185185185185
cmobile_app_trx	0.000271513052752634	0.00873928426203374	0.0308641975308642
ctarjeta_master	0.000210540676308424	0.00426358569505615	0.00411522633744856
matm	0.000203977208168505	0.00362399931092559	0.00411522633744856
Visa_mconsumosdolares	0.000201478244541223	0.00503190067592655	0.0123456790123457
Visa_mconsumototal	0.000180431733429706	0.00420027287724926	0.0102880658436214
mautoservicio	0.000178055006028099	0.0102418188777071	0.0123456790123457
mttarjeta_visa_debitos_automaticos	0.000173135899366093	0.005547686111873	0.01440329218107
mrentabilidad_annual	0.000168540510164634	0.00563143125020641	0.01440329218107
ccajas_transacciones	0.000148643045905429	0.00686467484973223	0.0123456790123457
Master_mlimitecompra	0.00014160369357106	0.00608272173043488	0.0123456790123457
tmobile_app	0.000140928976558642	0.00215226249872547	0.00411522633744856
Master_mfinanciacion_limite	0.000140207262731213	0.00303056607955559	0.00617283950617284
Master_mpagosdolares	0.000123878695026246	0.00283207890250416	0.00823045267489712
mcomisiones_mantenimiento	0.000112127357961665	0.00127587522566702	0.00205761316872428
Master_Fvencimiento	0.000104769045011272	0.00648390200678985	0.0164609053497942
mtransferencias_emitidas	8.61596282395774e-05	0.00242962938333938	0.00411522633744856
Master_mconsumosdolares	8.47457770000561e-05	0.00403081651858295	0.0123456790123457
mpagomiscuentas	7.63843820717983e-05	0.00175869767922934	0.00411522633744856
Master_cconsumos	5.79874276968734e-05	0.00138962177982833	0.00411522633744856
Master_cadelantosefectivo	4.65262705665923e-05	0.00117167287969318	0.00411522633744856
Master_fultimo_cierre	4.50667584728562e-05	0.00180692890600204	0.00205761316872428
Visa_fultimo_cierre	3.70528588519881e-05	0.00192250466303632	0.00205761316872428
Visa_cadelantosefectivo	3.62465418505022e-05	0.000667298185478036	0.00205761316872428
Visa_msaldodolares	3.47035024693638e-05	0.00298846952636363	0.00411522633744856
Master_mpagospesos	2.0591376608312e-05	0.000615781859668185	0.00205761316872428
Master_mconsumospesos	1.61252335489042e-05	0.00161248588496225	0.00411522633744856
mcaja_ahorro_dolares	1.45715515399878e-05	0.00118742642280315	0.00205761316872428
Visa_Fvencimiento	1.22284633913951e-05	0.000811531454188659	0.00205761316872428
numero_de_cliente	1.1462139759469e-05	0.00134757500086421	0.00411522633744856
cseguro_accidentes_personales	1.12930057334717e-05	0.00141412314348041	0.00205761316872428
Visa_mpagosdolares	8.99395261886553e-06	0.000534587650511354	0.00205761316872428
cliente_edad	2.60754215417591e-06	0.000520066019540317	0.00205761316872428
Master_mconsumototal	2.5371478019827e-06	0.000905355873658774	0.00205761316872428
ccomisiones_otras	8.64416308262713e-07	0.000529485792158205	0.00205761316872428
