Feature	Gain	Cover	Frequency
ctrx_quarter_lag2	0.101273465988842	0.00628875598794041	0.00291346110074202
recibe_sueldo	0.0763723999181694	0.00722893825493527	0.0030955524195384
deudas	0.054643995456693	0.0052991499483145	0.00336868939773296
disminuye_saldo_corriente	0.0500412172046718	0.00696374718805976	0.00987845404470342
disminuye_saldo_ahorro	0.03544324144455	0.00591413500001721	0.00591796786088223
usa_tarjeta_debito	0.023485448074235	0.00572027246148087	0.0113807074247735
mpasivos_margen_lag2	0.023082240304632	0.00709621607042274	0.00345973505713115
ctrx_quarter_lag1	0.0198348816177018	0.00113932276290994	0.00100150225338007
ctarjeta_visa_transacciones_lag1	0.0195663894838631	0.00216693859937779	0.00113807074247735
mpasivos_margen	0.018719277149026	0.0068094459220314	0.00336868939773296
mcaja_ahorro	0.0184297797622314	0.00621695749364876	0.00350525788683025
tiempo_sin_disminuir	0.0176679169488956	0.00730267315369521	0.0199845222379023
aumento_saldo_corriente	0.0174967260314553	0.00867030053643947	0.0116538444029681
activos	0.0147539022989442	0.00807433644070471	0.00405153184321937
ctrx_quarter	0.0119481470490309	0.00882926301434493	0.00295898393044112
aumento_saldo_ahorro	0.00922211659155651	0.00449908447929813	0.0085127691537306
cdescubierto_preacordado	0.00705969946047798	0.0078491829448434	0.00323212090863568
mcomisiones_otras_lag3	0.00689189640349532	0.00392149745451366	0.00446123731051122
usa_tarjeta_visa	0.00671875787525865	0.00300283478826202	0.00373287203532572
tiempo_sin_aumento	0.00627381382032068	0.00439054337740023	0.00468885145900669
foto_mes	0.00623239471712233	0.00308616260128586	0.00355078071652934
tiene_visa	0.00586919690444102	0.00307800446276909	0.00159329903946829
cmobile_app_trx	0.00578133066038286	0.00633468509555811	0.0154322392679929
thomebanking	0.00558995296028518	0.00366781625638388	0.00710156143305868
recibe_transferencias	0.00547526190174966	0.00456433466069849	0.0117904128920654
mcomisiones_otras_lag1	0.00536287923885982	0.0035312547350045	0.00482541994810397
tcallcenter	0.00525757369333334	0.0047560434524757	0.00314107524923749
tiempo_sin_disminuir_cc	0.00513689405697535	0.00730448222860084	0.00377839486502481
mcuentas_saldo	0.00486405511840032	0.00514602766809474	0.00314107524923749
mprestamos_personales	0.00471998842978179	0.00856008583105342	0.00204852733645923
tiene_master	0.00437277004593493	0.00115176781414531	0.00136568489097282
mcomisiones	0.00406192305155811	0.00439621825020081	0.00569035371238676
tiene_debito_automatico	0.00404164670376161	0.00456756200147899	0.00974188555560614
mcomisiones_lag3	0.00395836565018396	0.00469984791827144	0.0045978057996085
Master_fechaalta_lag2	0.00383202199312397	0.00505180085159834	0.00937770291801338
Master_fechaalta	0.00370440548964838	0.00470966541203044	0.00755678973004962
mactivos_margen	0.00370030693289609	0.00713654177263205	0.00359630354622843
Master_fechaalta_lag1	0.00366394878434686	0.00725536151389873	0.00905904311011973
mcomisiones_otras	0.00365834719148326	0.00471094978962627	0.00623662766877589
tiempo_sin_aumento_cc	0.00353984250252744	0.00812125908077153	0.00491646560750216
Visa_mconsumospesos_lag3	0.0034940108305906	0.00563170491256335	0.00855829198342969
Master_Fvencimiento	0.00344924495091906	0.00559251703456334	0.00878590613192516
Visa_mconsumototal	0.00342082555435534	0.00434213756278271	0.007738881048846
Visa_mconsumospesos	0.00332062486535334	0.00452974783531506	0.00732917558155415
Visa_mpagospesos_lag3	0.00329530328682332	0.00512004474777876	0.00842172349433241
cpayroll_trx	0.00325318505223494	0.000219038962901137	4.55228296990941e-05
Master_fechaalta_lag3	0.00323206927087494	0.00514758660712767	0.00805754085673966
Visa_fechaalta	0.00313154574801843	0.00528589161624895	0.00682842445486411
Master_Fvencimiento_lag2	0.00307700911879351	0.00501275409908166	0.0076933582191469
thomebanking_lag1	0.00298836831355632	0.00330663339981989	0.00660081030636864
Visa_fechaalta_lag2	0.00298672922852689	0.00409442999829241	0.00623662766877589
Visa_mconsumototal_lag3	0.00295867262676817	0.00384837975358063	0.00714708426275777
saldo_pos	0.00293549095406514	0.00418242897434923	0.00646424181727136
hace_transferencias	0.00293424702534933	0.00417087364691417	0.00833067783493422
Visa_Fvencimiento	0.00291426262996975	0.00464780473001883	0.00723812992215596
Visa_Fvencimiento_lag3	0.00288739082456076	0.00415925861254386	0.00637319615787317
Visa_Fvencimiento_lag1	0.00288678317896704	0.00627870396353044	0.00728365275185506
Master_Fvencimiento_lag3	0.0028851218210543	0.00430055371784306	0.00737469841125324
disminuyo_debito_automatico	0.00287539285664033	0.00310818971097873	0.00327764373833478
cajaahorro_saldo_pos	0.00280825595890991	0.00248827001677498	0.00391496335412209
Visa_mpagominimo	0.00276986529619057	0.00479145803309787	0.00546273956389129
Master_Fvencimiento_lag1	0.00276368928369302	0.00380421607148027	0.00705603860335959
thomebanking_lag2	0.00276364516989298	0.00356859735207753	0.00669185596576683
mrentabilidad_annual_lag1	0.00274775493011453	0.00370108342280065	0.0038239176947239
Visa_fechaalta_lag3	0.00272031756241963	0.00596902648047653	0.00650976464697046
Visa_mpagospesos	0.00270617134031277	0.00357915552846134	0.00664633313606774
Visa_fechaalta_lag1	0.0026968856686702	0.0030011505551301	0.00528064824509492
mcuenta_corriente	0.0026820766657856	0.00983035472331477	0.0053716939044931
cliente_edad_lag1	0.00264958824464666	0.00398100400967284	0.00446123731051122
Visa_mpagominimo_lag2	0.00264630517485638	0.00315701076019141	0.00587244503118314
mcomisiones_mantenimiento_lag3	0.00264182452851402	0.00244218010752483	0.00122911640187554
Visa_mconsumospesos_lag2	0.00259211974087976	0.00366197492788501	0.00650976464697046
aumento_transferencias_recibidas	0.00257913680587064	0.003740505605289	0.00915008876951791
Visa_Fvencimiento_lag2	0.00256321547257494	0.00374833716496295	0.00610005917967861
mcomisiones_otras_lag2	0.00254915662759503	0.00259957573070518	0.00355078071652934
Visa_mconsumototal_lag2	0.00252648493276749	0.00312467651463795	0.00596349069058133
cliente_edad_lag2	0.00251339395543675	0.00374794793907065	0.00468885145900669
cliente_edad	0.00251274115191717	0.00455421116889633	0.00523512541539582
Visa_mpagominimo_lag1	0.00250716667411591	0.00346219439171703	0.00450676014021032
Visa_mpagominimo_lag3	0.00248447526271102	0.00453731568935831	0.00559930805298857
mcuenta_corriente_lag2	0.0024734201052061	0.00390183261352805	0.00282241544134383
Visa_cconsumos_lag3	0.00245060079881822	0.00531594523780586	0.00500751126690035
mcomisiones_lag1	0.00243988497542493	0.00247929249103692	0.003869440524423
Visa_cconsumos	0.00243529817274627	0.00352294551984853	0.00477989711840488
mprestamos_personales_lag2	0.00243023155888839	0.0021244810881848	0.000637319615787317
Visa_mconsumototal_lag1	0.00242469695400711	0.00254515715631258	0.00569035371238676
mrentabilidad_annual_lag3	0.00238552637569533	0.00567906065407338	0.00427914599171484
Visa_mconsumospesos_lag1	0.00237877057977506	0.00330959205939176	0.00610005917967861
pago_mis_cuentas	0.0023171171297014	0.00303657847934765	0.00673737879546593
mprestamos_personales_lag1	0.00230579625458198	0.00154569562760525	0.000591796786088223
ccaja_seguridad	0.00229928574356804	0.00216416584549069	0.000455228296990941
mrentabilidad	0.00228281128826482	0.00472918935369537	0.0038239176947239
numero_de_cliente	0.00228095034034456	0.00458947263741559	0.00509855692629854
Visa_mconsumosdolares_lag3	0.00227083661673959	0.0042347700187902	0.00559930805298857
Master_mlimitecompra	0.0022338232343667	0.00328138460341237	0.00564483088268767
mcuenta_corriente_lag1	0.00223184136710914	0.0034014848775101	0.00332316656803387
Visa_cconsumos_lag1	0.00222743061397957	0.00294746090290538	0.00427914599171484
Visa_msaldopesos	0.00222225057391522	0.00443975026006571	0.00473437428870579
Visa_mpagospesos_lag1	0.00220622449535787	0.00372794227099629	0.00632767332817408
mcomisiones_lag2	0.00220530196244527	0.00345438069889113	0.00414257750261756
cliente_edad_lag3	0.00219940384382235	0.00465540017590337	0.00423362316201575
ccajas_transacciones	0.00218795645706745	0.00312273920551912	0.00145673055037101
numero_de_cliente_lag1	0.00215074295326383	0.00396636947798224	0.0046433286293076
Master_mlimitecompra_lag3	0.00214045761533829	0.00372350292466269	0.00509855692629854
Visa_mconsumosdolares_lag2	0.00213802352443014	0.00502301464543974	0.00523512541539582
thomebanking_lag3	0.00210010819654412	0.00235231551590401	0.00496198843720126
Visa_mpagospesos_lag2	0.00209481917346522	0.00434619288496458	0.00632767332817408
mrentabilidad_annual_lag2	0.00208613449183605	0.00508985588096699	0.00423362316201575
Master_mfinanciacion_limite	0.00208199079727226	0.00345198043486145	0.00518960258569673
disminuyo_transferencias_recibidas	0.00204198387532945	0.00275437613766575	0.00578139937178495
Master_mlimitecompra_lag2	0.00199865720230666	0.00274699351081937	0.00487094277780307
mcuenta_debitos_automaticos	0.00199285824447675	0.00436282036178186	0.00182091318796376
mcomisiones_mantenimiento	0.00196575398777181	0.00371258673283	0.00113807074247735
balance	0.00195645743785198	0.00552930005523844	0.00236718714435289
Master_mfinanciacion_limite_lag3	0.00192959531304908	0.00314276228811625	0.00455228296990941
Master_mlimitecompra_lag1	0.00192495258528177	0.00238493359556254	0.00432466882141394
cliente_antiguedad_lag2	0.00188447465603999	0.00358885586997617	0.00405153184321937
Visa_cconsumos_lag2	0.0018800564995789	0.00311709599548722	0.00427914599171484
foto_mes_lag1	0.00187923919586138	0.000837533380188366	0.00127463923157463
Visa_mfinanciacion_limite	0.00185327308649096	0.00341318879379539	0.0045978057996085
Master_mfinanciacion_limite_lag1	0.00184732757559215	0.00238131521958866	0.00473437428870579
Master_mfinanciacion_limite_lag2	0.00183730302508391	0.00235407551351815	0.00487094277780307
Visa_mlimitecompra_lag2	0.00181636890831686	0.00246756844627725	0.00364182637592753
tmobile_app_lag3	0.00180605744668062	0.00271851488584237	0.0045978057996085
Visa_mlimitecompra	0.00179714951207222	0.00314298211819604	0.00418810033231666
numero_de_cliente_lag2	0.00176453968948867	0.0040501242860582	0.0046433286293076
mpasivos_margen_lag3	0.00174513161683856	0.00508784416434173	0.00341421222743206
cliente_antiguedad	0.00171771347573703	0.00387289578305551	0.00409705467291847
numero_de_cliente_lag3	0.00170639140517461	0.00332768009449639	0.00427914599171484
Visa_msaldototal	0.00169179369825993	0.0036211589050862	0.00396048618382119
mrentabilidad_annual	0.00168624891160648	0.00352579856147054	0.00318659807893659
disminuyo_uso_tar_debito	0.00166247756921497	0.00239347575823105	0.00359630354622843
mcuenta_corriente_lag3	0.00166206377607478	0.00413806898308297	0.00277689261164474
ctarjeta_visa	0.00164933066428129	0.00208803068270106	0.000637319615787317
Visa_mlimitecompra_lag3	0.00164726799435643	0.00272782012123641	0.00345973505713115
cliente_antiguedad_lag3	0.0016164889757469	0.00391995819162984	0.003869440524423
Visa_mfinanciacion_limite_lag2	0.00161109925815534	0.0023834002129072	0.0038239176947239
ccaja_ahorro	0.00157037506184672	0.00899426923630627	0.00195748167706105
chomebanking_transacciones	0.00157015637401222	0.00543972924887857	0.00332316656803387
chomebanking_transacciones_lag1	0.00153864102623397	0.0025786188225942	0.00282241544134383
mpasivos_margen_lag1	0.00152155280989652	0.00258009249831429	0.0023216643146538
foto_mes_lag2	0.00151148185275918	0.000533533257724014	0.000591796786088223
Visa_msaldototal_lag2	0.00149413971979591	0.0018215253847621	0.00323212090863568
mcuentas_saldo_lag3	0.0014666386348322	0.00375736218485405	0.00273136978194565
Visa_mconsumosdolares_lag1	0.00146662130468447	0.00216112192260598	0.0038239176947239
tiempo_sin_aumento_ah	0.0014440150364472	0.00579188482392512	0.00227614148495471
disminuyo_transferencias_emitidas	0.00142539478142919	0.00235664517336035	0.00345973505713115
Visa_msaldototal_lag3	0.00141726056201341	0.0019804921597576	0.0030955524195384
Visa_mfinanciacion_limite_lag1	0.00140621761142567	0.00194906369555144	0.00318659807893659
mtransferencias_recibidas_lag3	0.00140480809098731	0.00246464665121465	0.0030955524195384
mtarjeta_visa_consumo	0.0014037366613853	0.00180630509185066	0.00159329903946829
tiempo_sin_disminuir_ah	0.00140332292780788	0.00403890141769443	0.0015477762097692
Master_fultimo_cierre_lag1	0.0013710092635932	0.00203409044227838	0.00314107524923749
Visa_mfinanciacion_limite_lag3	0.0013513112264087	0.00286907542191211	0.00314107524923749
mcuentas_saldo_lag1	0.00134739948248413	0.00320581439488131	0.00223061865525561
Visa_msaldopesos_lag1	0.00134463885874124	0.00194304324624682	0.00332316656803387
mprestamos_personales_lag3	0.00132458771240794	0.00397179986897598	0.00113807074247735
Visa_mlimitecompra_lag1	0.00130626445456213	0.00203083256954235	0.00268584695224655
mactivos_margen_lag3	0.00129669462989082	0.00454146486903309	0.00268584695224655
mtransferencias_recibidas_lag2	0.0012818143119729	0.00337750734126566	0.0030500295898393
Visa_msaldototal_lag1	0.00125950164542244	0.00227740886853973	0.00300450676014021
chomebanking_transacciones_lag2	0.00125407059755428	0.00335584638887649	0.00286793827104293
mtransferencias_emitidas	0.00124742189758479	0.00478980908133678	0.00259480129284836
mrentabilidad_lag2	0.00122390332240503	0.00428978521021006	0.00327764373833478
mcuentas_saldo_lag2	0.00121272309230807	0.0035151288869084	0.0030500295898393
mtransferencias_recibidas_lag1	0.00117813452812953	0.00481155077378613	0.00295898393044112
mactivos_margen_lag2	0.00117098733532176	0.00324327981826434	0.00250375563345018
Master_fultimo_cierre	0.00116371698605715	0.00315318408843204	0.0030955524195384
aumento_transferencias_emitidas	0.00116244123806864	0.00177491213517796	0.00373287203532572
Visa_mconsumosdolares	0.00116123915858199	0.00211337514590258	0.0030500295898393
mtransferencias_recibidas	0.00115779328322177	0.00399921010167217	0.00241270997405199
mrentabilidad_lag3	0.00115251637094464	0.00320065585137307	0.0030955524195384
Visa_msaldopesos_lag3	0.00111860589267876	0.00245856717346267	0.00318659807893659
cliente_antiguedad_lag1	0.00110965428591482	0.00233165058375291	0.00300450676014021
cuentacorriente_saldo_pos	0.0011092694652677	0.00335679514112415	0.00141120772067192
Master_fultimo_cierre_lag3	0.00110437519093528	0.00239478931080661	0.00286793827104293
cdescubierto_preacordado_lag3	0.00110218096670586	0.00334427681319552	0.00132016206127373
mcaja_ahorro_lag3	0.00109490223072579	0.00219322570843586	0.00213957299585742
ccaja_seguridad_lag1	0.00107981042242229	0.000438077925802274	9.10456593981882e-05
mcaja_ahorro_lag1	0.00107051326532634	0.00397016018988287	0.00273136978194565
Visa_msaldopesos_lag2	0.00106764683337941	0.00171585609598479	0.00282241544134383
chomebanking_transacciones_lag3	0.00104974704624538	0.00265172046598025	0.00264032412254746
foto_mes_lag3	0.00102062130840676	0.000647595215669075	0.000728365275185506
mcaja_ahorro_dolares	0.00102009982388845	0.00371412667420172	0.00236718714435289
mpagomiscuentas	0.001019896957429	0.00393516197466904	0.0015477762097692
ctrx_quarter_lag3	0.000986443507262054	0.00330538407743226	0.00195748167706105
mtransferencias_emitidas_lag3	0.000979575675948631	0.00253684206092814	0.0023216643146538
mttarjeta_visa_debitos_automaticos_lag3	0.000977673749761667	0.00305216832200228	0.00250375563345018
cprestamos_personales	0.000957182775043796	0.00174095200645205	0.000409705467291847
ctarjeta_visa_transacciones	0.000931215056169425	0.00303700728370082	0.00145673055037101
Master_msaldopesos_lag3	0.000928907031190366	0.00143785088045598	0.00195748167706105
active_quarter	0.000927924384968904	0.00179882250112025	0.00168434469886648
mcaja_ahorro_dolares_lag3	0.000917992860825359	0.00302729472940379	0.0023216643146538
Master_fultimo_cierre_lag2	0.000909611084700387	0.00234549942645461	0.00250375563345018
Master_msaldototal	0.000906970217379399	0.00239448399125134	0.00213957299585742
Visa_fultimo_cierre	0.000903369958321453	0.00246730768076079	0.00223061865525561
Master_mpagospesos_lag3	0.000899274385637929	0.00265876746747848	0.00213957299585742
mactivos_margen_lag1	0.000896773783316797	0.00308425876423679	0.00209405016615833
mrentabilidad_lag1	0.000896548879568827	0.00303947313489422	0.00209405016615833
mttarjeta_visa_debitos_automaticos	0.000892966819806864	0.00143368473858369	0.00182091318796376
Master_mpagominimo_lag3	0.000872370583750507	0.00237009732680284	0.00195748167706105
Master_msaldototal_lag3	0.000862817047576382	0.00106266719990056	0.00177539035826467
cproductos	0.000853777360172874	0.0036881299579651	0.000864933764282788
Visa_fultimo_cierre_lag1	0.000848207387016338	0.0018250130387338	0.00195748167706105
mtarjeta_visa_consumo_lag1	0.000802436912047672	0.00150819175657451	0.00150225338007011
Master_mpagospesos	0.000802140189193677	0.00280558976137857	0.00200300450676014
mttarjeta_visa_debitos_automaticos_lag2	0.000795536023162839	0.0025587119875907	0.00223061865525561
mttarjeta_visa_debitos_automaticos_lag1	0.000781752229456875	0.00124600277249651	0.00172986752856558
mcaja_ahorro_lag2	0.000770896437264961	0.00241452335755809	0.00195748167706105
Master_msaldototal_lag1	0.000763811278795985	0.00136986933293046	0.00145673055037101
mtransferencias_emitidas_lag2	0.000758728558298108	0.00256183122263237	0.00209405016615833
Visa_mpagosdolares	0.000745578091649504	0.000735706594554759	0.00163882186916739
mcuenta_debitos_automaticos_lag3	0.000743328999791686	0.00266438987054809	0.00141120772067192
Master_msaldopesos_lag1	0.000739156450577198	0.00112036807259361	0.00141120772067192
tcallcenter_lag1	0.000737436776339733	0.00193232291125476	0.00122911640187554
internet_lag1	0.000736632167139133	0.00372073672949196	0.000910456593981882
mcomisiones_mantenimiento_lag2	0.000721824675674992	0.00203833370560871	0.000864933764282788
mcaja_ahorro_dolares_lag2	0.000718507736790065	0.00195582256585455	0.00182091318796376
Master_msaldopesos	0.000710947342808175	0.00191524514463412	0.00186643601766286
Visa_mpagado_lag1	0.000708601293237117	0.00179705300467549	0.0015477762097692
Master_mconsumospesos_lag3	0.000701394225956245	0.00185792264202696	0.00172986752856558
Master_mpagospesos_lag1	0.00069778266349718	0.00265069278297348	0.00168434469886648
mtransferencias_emitidas_lag1	0.000680847940019064	0.0022395684675103	0.00182091318796376
mcaja_ahorro_dolares_lag1	0.000671734858828554	0.00169410965412014	0.00141120772067192
Master_mpagominimo	0.000667039333026689	0.00320716368115296	0.00168434469886648
mpayroll	0.000666984604499467	0.0012134111538661	0.000455228296990941
Visa_mpagado_lag3	0.000666558902394655	0.00155425656177234	0.00159329903946829
Master_msaldototal_lag2	0.000653281668901003	0.00142665153300611	0.0015477762097692
Master_mconsumospesos_lag1	0.000640877262724039	0.00187579966739451	0.00141120772067192
mtarjeta_visa_consumo_lag2	0.000638542086554824	0.00262797225864621	0.00163882186916739
Visa_mpagado_lag2	0.000622448229305822	0.00143021902238744	0.0015477762097692
Master_mconsumospesos	0.000621167528278513	0.00180874063725117	0.00150225338007011
Visa_fultimo_cierre_lag3	0.000619447374209616	0.00150437413132049	0.00182091318796376
mforex_sell_lag3	0.000618778439531334	0.00189664846976667	0.0015477762097692
Master_cconsumos_lag2	0.00061861252203425	0.00113857936633352	0.00113807074247735
mautoservicio_lag2	0.000616245682339881	0.00171057452000391	0.00150225338007011
Master_mpagospesos_lag2	0.000604761101981757	0.00209624174327408	0.00172986752856558
Master_mconsumospesos_lag2	0.000599059668052421	0.00154248049960695	0.00127463923157463
mcuenta_debitos_automaticos_lag1	0.000596009361187551	0.00108745711232465	0.00118359357217645
mpagomiscuentas_lag3	0.000585443472900851	0.00198190997330722	0.00132016206127373
ctarjeta_visa_transacciones_lag2	0.000583679904291898	0.000729903713703592	0.000728365275185506
Master_mconsumototal_lag2	0.000582380980074139	0.00199953573198891	0.00168434469886648
Visa_status	0.000570726036746827	0.000507937980161915	0.000409705467291847
Master_cconsumos	0.000569356961356168	0.00108635208169721	0.00141120772067192
active_quarter_lag2	0.000552899614593787	0.00201921029796777	0.00104702508307916
mautoservicio_lag3	0.000552791341928117	0.00257835285533716	0.00163882186916739
Master_cconsumos_lag1	0.000550404302348304	0.000796642949883123	0.000728365275185506
Master_mpagominimo_lag1	0.00054792646254227	0.00139671958694603	0.00118359357217645
mtarjeta_visa_consumo_lag3	0.000546713559518447	0.00202952399254474	0.00145673055037101
ccajas_transacciones_lag1	0.00054569366733575	0.0019233379221498	0.00113807074247735
Master_mpagominimo_lag2	0.00053567300725555	0.00104457939095856	0.00113807074247735
tmobile_app_lag2	0.000496229110935595	0.00135257490250689	0.00141120772067192
Master_mconsumototal_lag3	0.000495623832229363	0.000927674342547367	0.00104702508307916
Visa_mpagosdolares_lag1	0.000493666571379461	0.00107941476907625	0.00118359357217645
Master_mconsumototal	0.000491346697934913	0.00129129681543926	0.00141120772067192
mpayroll_lag3	0.000490545674569123	0.00288466390759095	0.00113807074247735
Master_status	0.00048488246727992	0.000627212534484625	0.000455228296990941
Visa_fultimo_cierre_lag2	0.000484609578724084	0.00148063926758183	0.00141120772067192
disminuyo_tarjetas	0.000473987395634731	0.00152318701766559	0.000318659807893659
Master_mconsumototal_lag1	0.00047274314681455	0.0012282433516984	0.00104702508307916
total_tarjetas	0.000464872861216675	0.00118824829925931	0.000364182637592753
saco_mas_que_deposito	0.000443996398540584	0.00046796305619721	0.000227614148495471
tcallcenter_lag2	0.000432291799804093	0.00153179137505832	0.000910456593981882
cseguro_accidentes_personales_lag3	0.000431521157508526	0.00154134832946349	0.000910456593981882
mcuenta_debitos_automaticos_lag2	0.000411804732473289	0.00138223228712986	0.00113807074247735
mautoservicio	0.000408138381143934	0.00118121170124223	0.000910456593981882
mextraccion_autoservicio_lag3	0.000403113588604373	0.001215532333206	0.00100150225338007
tiene_seguro	0.000388646685069848	0.00315052464202434	0.000728365275185506
mtarjeta_master_consumo	0.000376326446930386	0.000881620393155952	0.000455228296990941
Visa_mpagosdolares_lag2	0.000368341372933308	0.000551841349071073	0.00100150225338007
Visa_mpagosdolares_lag3	0.000363450349115507	0.00147561483851528	0.00122911640187554
cmobile_app_trx_lag3	0.000356002302277126	0.00386481861076154	0.00100150225338007
mpagomiscuentas_lag2	0.000354242810215243	0.0010707185896543	0.000955979423680976
mextraccion_autoservicio_lag2	0.000353367151837616	0.00226813190347487	0.00109254791277826
Master_cconsumos_lag3	0.000347594153665018	0.000759855335912786	0.000955979423680976
invierte	0.000332363176628744	0.000918744310962351	0.000318659807893659
ccajas_transacciones_lag3	0.000330926374048838	0.00205825320571969	0.000819410934583694
internet_lag2	0.000323575651701473	0.00113121279703411	0.000682842445486411
matm_lag3	0.000322375153409124	0.000611392232106419	0.000637319615787317
mautoservicio_lag1	0.000321428460801518	0.00284933504260689	0.00118359357217645
Master_msaldopesos_lag2	0.000319850283741618	0.00124266212423661	0.000910456593981882
ctarjeta_visa_transacciones_lag3	0.000313995359883403	0.00141582942482896	0.000728365275185506
tcallcenter_lag3	0.000313331205954063	0.000957744700139166	0.000637319615787317
Visa_mpagado	0.000307979373405383	0.00126953250672656	0.000864933764282788
Visa_msaldodolares	0.000304658582551907	0.0011105281887339	0.000637319615787317
active_quarter_lag3	0.000303910406743606	0.000774346932818991	0.000546273956389129
ccajas_transacciones_lag2	0.000303606931881754	0.00132301092305157	0.000728365275185506
aumento_debito_automatico	0.000300104267852912	0.00110662484784177	0.000728365275185506
tmobile_app_lag1	0.000281667214355407	0.000757885459374721	0.000546273956389129
Master_mpagosdolares_lag3	0.000276157062455633	0.000341480924906465	0.000728365275185506
Master_mpagosdolares	0.000272753014207447	0.000407417736062224	0.000728365275185506
balance_transferencias	0.000272233772509195	0.000942447285769686	0.000591796786088223
Visa_madelantodolares	0.000260360149925442	0.000312793099493448	0.000409705467291847
mpayroll_lag2	0.000257342053496802	0.00105688829228855	0.000455228296990941
Master_mconsumosdolares_lag3	0.000255910469551901	0.000261474083993405	0.000500751126690035
Visa_delinquency_lag2	0.000245736257448418	0.000299183536858018	0.000364182637592753
mextraccion_autoservicio	0.000245109068937064	0.000748480712421921	0.000364182637592753
Master_mconsumosdolares_lag2	0.000242545736667221	0.000275460433576299	0.000637319615787317
mpayroll_lag1	0.00023342756509511	0.00182865222166997	0.000637319615787317
Visa_madelantopesos_lag1	0.000231313298926741	0.000116277673265776	0.000273136978194565
ccaja_ahorro_lag3	0.000229832729866237	0.00557106415179701	0.00118359357217645
Master_mpagado	0.000211123125734078	0.000380854482428608	0.000455228296990941
cdescubierto_preacordado_lag2	0.000210416736182698	0.00104096644288789	0.000591796786088223
mpagomiscuentas_lag1	0.000208477726405906	0.00239135978063173	0.000910456593981882
Master_mpagado_lag3	0.000208162650831943	0.000499878900878631	0.000500751126690035
ctarjeta_debito_transacciones_lag2	0.000202193523815587	0.001411708741646	0.000591796786088223
Visa_msaldodolares_lag3	0.000200231345629862	0.000682379254868951	0.000546273956389129
Master_mpagosdolares_lag2	0.000196772535336307	0.000339641544207948	0.000546273956389129
ccomisiones_mantenimiento_lag2	0.000195990681159942	0.000116364972042319	4.55228296990941e-05
Master_mconsumosdolares	0.00018667568845638	0.000352447324843804	0.000682842445486411
ctarjeta_debito_transacciones_lag3	0.000186163980139359	0.00128040912009839	0.000591796786088223
mextraccion_autoservicio_lag1	0.00018388505113125	0.000953719909912828	0.000546273956389129
Master_mpagosdolares_lag1	0.000179415425778378	0.000217045791611818	0.000500751126690035
active_quarter_lag1	0.000178721739067102	0.000508350953130745	0.000682842445486411
cseguro_accidentes_personales_lag1	0.000178142745246517	0.000918528777972595	0.000409705467291847
cseguro_accidentes_personales	0.000177324492131387	0.000382500720238088	0.000227614148495471
mplazo_fijo_dolares	0.000174561169963095	0.00155100524775268	0.000364182637592753
Master_mpagado_lag1	0.000170188810977686	0.00100725170061935	0.000455228296990941
ccajas_depositos	0.000170066944752737	0.00153327274030796	0.000318659807893659
cdescubierto_preacordado_lag1	0.00016590795594352	0.000602518741179786	0.000500751126690035
matm	0.000165449587361474	0.000912880592362763	0.000364182637592753
cseguro_accidentes_personales_lag2	0.000164392030422776	0.000632148760124098	0.000500751126690035
ctarjeta_debito_transacciones	0.000155126860840507	0.000487134862641729	0.000318659807893659
internet_lag3	0.000154820219840288	0.000165768390036345	0.000227614148495471
matm_lag1	0.000146787824739734	0.000337085001798501	0.000318659807893659
mplazo_fijo_dolares_lag3	0.00013900473002028	0.00210914500000499	0.000455228296990941
mforex_sell_lag2	0.000137882163621449	0.000856067860331591	0.000409705467291847
ccajas_consultas	0.000136030177427123	0.000438077925802274	9.10456593981882e-05
saques_mayores_que_media	0.000130804247985298	0.00091155301770393	0.000227614148495471
ctarjeta_master	0.000130470382967082	0.00050313089338619	0.000182091318796376
Master_mpagado_lag2	0.000125731401832901	0.000686253873106623	0.000318659807893659
ccaja_ahorro_lag1	0.000123852264864578	0.000354078862082105	9.10456593981882e-05
Master_mconsumosdolares_lag1	0.000116656277264634	0.000176487820377868	0.000364182637592753
Visa_delinquency	0.000116239607546099	0.000478247801957084	0.000273136978194565
Master_madelantodolares_lag3	0.00011617620820549	0.000127969150606219	0.000318659807893659
otros_cajeros	0.000114585722512186	0.000454304416270304	0.000227614148495471
Master_madelantopesos_lag3	0.000111124195532083	0.000203990553591176	0.000273136978194565
mcaja_ahorro_adicional_lag3	0.000109721247216817	0.0025353545892874	0.000546273956389129
matm_other_lag3	0.000107637707329682	0.000572667987505147	0.000273136978194565
ccomisiones_otras_lag2	0.000106882942613207	0.00171349111332594	0.000409705467291847
matm_lag2	0.000102781921991019	0.000544511644280931	0.000318659807893659
mforex_sell_lag1	0.000102332386108246	0.00140898189877351	0.000364182637592753
ctransferencias_recibidas_lag3	9.83150794939909e-05	0.00137430234671032	0.000318659807893659
cseguro_vida_lag2	9.5344427698717e-05	0.000730986806555577	0.000182091318796376
ctarjeta_debito	9.49751203527682e-05	0.00124668555748715	0.000273136978194565
ccajas_otras	8.54938726470987e-05	0.000438077925802274	9.10456593981882e-05
Visa_cadelantosefectivo	8.50478064213905e-05	6.98645776123116e-05	0.000227614148495471
ctarjeta_debito_lag2	8.4627798413345e-05	0.000837089875264009	0.000227614148495471
Master_msaldodolares	8.43918120713338e-05	0.000221620157037639	0.000273136978194565
ccomisiones_otras_lag3	8.25790499811236e-05	0.000625109900480677	0.000227614148495471
ctarjeta_debito_transacciones_lag1	8.24450151256246e-05	0.00127345167900304	0.000409705467291847
Visa_madelantopesos_lag3	8.24433848917442e-05	9.23157422430464e-05	0.000182091318796376
Visa_madelantodolares_lag3	8.24148994955412e-05	0.000130363308244791	0.000500751126690035
Visa_msaldodolares_lag2	8.03811961855093e-05	6.93864698050247e-05	0.000182091318796376
cseguro_vivienda_lag2	7.94080231321625e-05	0.000449282022667456	0.000182091318796376
mtarjeta_master_consumo_lag2	7.71408999332357e-05	0.000474367077328306	0.000227614148495471
ctransferencias_emitidas_lag1	7.26868662581602e-05	0.00153327274030796	0.000318659807893659
disminuyo_uso_tar_master	7.04652492235522e-05	0.000334699664502637	0.000227614148495471
mttarjeta_master_debitos_automaticos_lag3	7.00358701450881e-05	0.000508844439997112	0.000182091318796376
Visa_cadelantosefectivo_lag2	6.97628370433274e-05	0.000107586017096502	0.000182091318796376
ctarjeta_debito_lag3	6.96077498091556e-05	0.000842979150241186	0.000182091318796376
disminuyo_pago_mis_cuentas	6.69854545239761e-05	0.000288145895691116	9.10456593981882e-05
Visa_madelantopesos_lag2	6.60411812225676e-05	6.04765666943928e-05	0.000227614148495471
cproductos_lag3	6.41726318964071e-05	0.00088446959001319	0.000227614148495471
ctransferencias_recibidas	6.41137870008931e-05	0.000620447783953046	0.000182091318796376
Visa_madelantodolares_lag1	6.38291219750904e-05	8.71870522024382e-05	0.000182091318796376
Master_madelantodolares	6.37607897620516e-05	4.93337599028981e-05	0.000136568489097282
aumento_pago_mis_cuentas	5.90935622235183e-05	0.000627995735684547	0.000136568489097282
ccallcenter_transacciones_lag3	5.8975204358429e-05	0.00109519481450569	0.000227614148495471
Visa_msaldodolares_lag1	5.64154253242672e-05	0.000296963524447267	0.000182091318796376
Master_delinquency_lag3	5.61257392003079e-05	0.000157574970148743	9.10456593981882e-05
Visa_delinquency_lag1	5.50839777186418e-05	0.000267220876511456	0.000136568489097282
Master_cadelantosefectivo_lag3	5.32349866212966e-05	0.000124869591713661	0.000182091318796376
cproductos_lag1	5.30125690077385e-05	7.41722972931981e-05	0.000136568489097282
cprestamos_personales_lag3	5.27946636684881e-05	0.00108570412575214	0.000227614148495471
matm_other_lag1	5.27427935993448e-05	0.000450818571599674	0.000182091318796376
ctransferencias_emitidas_lag2	5.1353223966547e-05	0.00069365617610213	0.000182091318796376
Visa_madelantopesos	5.10448561835385e-05	8.27576570247114e-05	0.000136568489097282
ctransferencias_emitidas	5.09868075390859e-05	0.00109399954498747	0.000227614148495471
ctransferencias_recibidas_lag2	4.82040096801988e-05	0.000458236932142161	0.000136568489097282
ctarjeta_master_transacciones_lag3	4.78497129152348e-05	0.0010598327036145	0.000227614148495471
internet	4.76224875544143e-05	0.000365456878012473	0.000136568489097282
ctarjeta_master_transacciones_lag1	4.61078893037327e-05	0.00041069777273634	0.000136568489097282
ccajas_extracciones_lag3	4.5958178290142e-05	0.0015107141484263	0.000318659807893659
ccaja_ahorro_lag2	4.56747403787799e-05	0.000983202244657443	0.000227614148495471
Visa_delinquency_lag3	4.42239036658369e-05	0.000144587354755527	0.000136568489097282
matm_other_lag2	4.41353806621642e-05	0.000448189204822229	0.000136568489097282
Master_msaldodolares_lag1	4.24216708167965e-05	6.53827127036053e-05	9.10456593981882e-05
Master_cadelantosefectivo	4.20732091571717e-05	5.90691566259223e-05	0.000136568489097282
ctarjeta_visa_debitos_automaticos_lag2	4.0293803882768e-05	0.000244659118352924	9.10456593981882e-05
Master_delinquency	4.00204090000373e-05	0.000429946022150993	0.000136568489097282
cmobile_app_trx_lag2	3.89893224152229e-05	0.00101455539670664	0.000227614148495471
catm_trx_lag2	3.89579187727517e-05	0.00109519481450569	0.000227614148495471
Master_status_lag1	3.86448206480718e-05	4.4342350580844e-05	9.10456593981882e-05
Master_msaldodolares_lag2	3.76760211493355e-05	9.15280177904539e-05	4.55228296990941e-05
mtarjeta_master_consumo_lag1	3.70327079991098e-05	0.000205407236327621	0.000136568489097282
Master_madelantodolares_lag1	3.50942433907272e-05	3.18432464760572e-05	0.000136568489097282
ctransferencias_recibidas_lag1	3.47840789102017e-05	0.00054307030981743	0.000136568489097282
Master_madelantopesos	3.35663241649715e-05	6.5317125539881e-05	0.000136568489097282
catm_trx_lag1	3.13161980130922e-05	2.60552923587028e-05	4.55228296990941e-05
ctarjeta_visa_debitos_automaticos	3.09389658882868e-05	0.000811874550926245	0.000182091318796376
ccajas_consultas_lag2	3.05648322066361e-05	0.00109519481450569	0.000227614148495471
cseguro_vida_lag3	2.96028127718158e-05	0.00035317375922271	9.10456593981882e-05
cpayroll_trx_lag3	2.93395688416407e-05	0.000657116888703412	0.000136568489097282
cseguro_vida_lag1	2.82540861019987e-05	0.000292560590297663	9.10456593981882e-05
mttarjeta_master_debitos_automaticos_lag1	2.77093704734483e-05	0.000211652491289978	9.10456593981882e-05
Master_msaldodolares_lag3	2.77054147425656e-05	4.87016353421758e-05	9.10456593981882e-05
Visa_status_lag2	2.67847160213627e-05	0.000259399946481281	0.000136568489097282
catm_trx_lag3	2.67594396279129e-05	0.000657116888703412	0.000136568489097282
Master_madelantodolares_lag2	2.67519570874508e-05	4.09618976974392e-05	0.000182091318796376
mtarjeta_master_consumo_lag3	2.67306908030051e-05	1.29315270601003e-05	4.55228296990941e-05
ctarjeta_master_transacciones_lag2	2.66447450725849e-05	0.000657116888703412	0.000136568489097282
catm_trx_other_lag3	2.60579027689769e-05	0.000744254863614373	0.000182091318796376
Visa_cadelantosefectivo_lag1	2.36036691712399e-05	5.39942932920948e-05	9.10456593981882e-05
cplazo_fijo	2.34576972083651e-05	0.000438077925802274	9.10456593981882e-05
Visa_madelantodolares_lag2	2.2424793672958e-05	4.76244227186623e-05	4.55228296990941e-05
Master_cadelantosefectivo_lag2	2.22028365741145e-05	3.13701142467079e-05	9.10456593981882e-05
cpagomiscuentas	2.21407451174892e-05	0.000635891299383787	0.000136568489097282
matm_other	2.08299410835892e-05	0.00015801530879623	9.10456593981882e-05
Master_delinquency_lag1	2.07538694212093e-05	3.16225117457298e-05	4.55228296990941e-05
ccajas_consultas_lag3	1.84083193768852e-05	0.000657116888703412	0.000136568489097282
cseguro_vivienda_lag3	1.78212096217011e-05	0.000165803671407176	4.55228296990941e-05
mcomisiones_mantenimiento_lag1	1.61868130405954e-05	3.92306227377507e-05	4.55228296990941e-05
catm_trx_other_lag2	1.60956830776548e-05	0.000408944107675932	9.10456593981882e-05
cpagomiscuentas_lag2	1.47310150176853e-05	0.000657116888703412	0.000136568489097282
ccajas_extracciones_lag1	1.45494614525018e-05	0.000438077925802274	9.10456593981882e-05
cproductos_lag2	1.34252043380024e-05	0.000657116888703412	0.000136568489097282
cextraccion_autoservicio	1.28240722409557e-05	0.000209842059408553	4.55228296990941e-05
mplazo_fijo_dolares_lag1	1.2771682527827e-05	0.000407241781533336	9.10456593981882e-05
Master_madelantopesos_lag1	1.22270914695647e-05	1.97962414757011e-05	4.55228296990941e-05
cpagomiscuentas_lag3	1.18574711719792e-05	0.000184972311574826	4.55228296990941e-05
mttarjeta_master_debitos_automaticos	1.15677969779138e-05	0.000410879155168433	9.10456593981882e-05
ccuenta_debitos_automaticos	1.14531099134495e-05	0.000219038962901137	4.55228296990941e-05
mcaja_ahorro_adicional	1.13003706488709e-05	0.000657116888703412	0.000136568489097282
mplazo_fijo_dolares_lag2	1.11188220775966e-05	0.000365285899061523	9.10456593981882e-05
qtd_debito_automatico	1.10817328696197e-05	0.000198294421503036	4.55228296990941e-05
ctarjeta_visa_debitos_automaticos_lag1	1.09866183220994e-05	0.000438077925802274	9.10456593981882e-05
cextraccion_autoservicio_lag2	1.047246375258e-05	0.000189905144774795	4.55228296990941e-05
Master_madelantopesos_lag2	1.00250888452492e-05	2.11136388160257e-05	9.10456593981882e-05
ccomisiones_otras	8.14063613813329e-06	0.000219038962901137	4.55228296990941e-05
Master_status_lag3	7.89114446257063e-06	2.17272180407984e-05	9.10456593981882e-05
mttarjeta_master_debitos_automaticos_lag2	6.58293046413535e-06	0.000145169045048972	4.55228296990941e-05
cforex_sell_lag3	5.75551019654186e-06	0.000207476398261807	4.55228296990941e-05
Master_cadelantosefectivo_lag1	5.02134341301228e-06	9.93034891312887e-06	4.55228296990941e-05
ctarjeta_debito_lag1	4.2692157579797e-06	0.000206058584712194	4.55228296990941e-05
cpagomiscuentas_lag1	4.19403828276739e-06	0.000219038962901137	4.55228296990941e-05
cprestamos_personales_lag1	3.8625783866598e-06	0.000219038962901137	4.55228296990941e-05
ctarjeta_master_debitos_automaticos_lag1	3.05659558361827e-06	0.000219038962901137	4.55228296990941e-05
Visa_status_lag1	1.53714297585595e-06	9.92786112416001e-06	4.55228296990941e-05
