Feature	Gain	Cover	Frequency
recibe_sueldo	0.0837685143493742	0.00492249755626773	0.00223181796128281
deudas	0.0829180296412611	0.00415259765191583	0.00320217359662316
mcaja_ahorro	0.0769122837046217	0.00891368691393879	0.00504584930376983
disminuye_saldo_ahorro	0.054880797493883	0.00603316673815568	0.0049488137402358
ctrx_quarter_lag1	0.0541706666125194	0.00440933720008014	0.00237737130658386
usa_tarjeta_visa	0.0432833011418713	0.0025876970195365	0.00354179806899229
disminuye_saldo_corriente	0.0364690366559514	0.00791354452019961	0.0115957498423172
mtarjeta_visa_consumo	0.0279586546941772	0.00138273365384369	0.00126146232594246
ctrx_quarter_lag3	0.0270042102289809	0.00394677206994674	0.00228033574304983
activos	0.0240205963081928	0.00818141352433017	0.00465770704963369
aumento_saldo_corriente	0.0179395130730332	0.0100331359515549	0.0117898209693853
mpasivos_margen	0.014763739152429	0.00468119549029449	0.00286254912425404
tiempo_sin_disminuir	0.0139462754220643	0.0106740750375179	0.022075590703993
aumento_saldo_ahorro	0.00980116539109674	0.00599422363577659	0.0103828052981418
tiempo_sin_disminuir_cc	0.00874696861489406	0.00813181479326662	0.0044151181407986
foto_mes	0.00836267288919787	0.00463671568682351	0.00470622483140071
cdescubierto_preacordado	0.00750399190327014	0.011076903967265	0.00475474261316773
tiene_debito_automatico	0.00741459060872103	0.00454087679301883	0.00815098733685896
mcuenta_corriente_lag1	0.00674162754976772	0.0039149493007228	0.00407549366842948
mprestamos_personales	0.00623600100882626	0.00874736767718169	0.00305662025132211
ctarjeta_debito_transacciones	0.00520903951390978	0.000324272634329436	0.00019407112706807
mcomisiones_lag3	0.00513959816091933	0.00319600468908134	0.00373586919606036
tcallcenter	0.0049412701361576	0.00551135486385447	0.00300810246955509
saldo_pos	0.00493286778576356	0.00473830182153036	0.00800543399155791
ctrx_quarter	0.00490770346881331	0.00937045926886416	0.00397845810489544
tiempo_sin_aumento	0.00465163810742825	0.00596828425953768	0.00504584930376983
thomebanking	0.00447578516966554	0.00449862696830915	0.00679248944738247
recibe_transferencias	0.00445442192699332	0.00599329296265382	0.0120809276599874
cmobile_app_trx	0.00440700218891604	0.0077446459077798	0.0144097811848042
tiene_visa	0.0042605467048789	0.00291781652923934	0.00169812236184562
cpayroll_trx	0.00410025367747208	0.000291089546502668	9.70355635340352e-05
mcuenta_corriente	0.00399293674615117	0.00844430546352404	0.00621027606617825
Master_fechaalta	0.00396166202257452	0.00599404059688372	0.00912134297219931
mcomisiones_otras	0.00396085031046177	0.00560168004913755	0.0068895250109165
Master_Fvencimiento_lag1	0.00385356921605966	0.00514431935491367	0.00819950511862598
mcomisiones_lag2	0.00383038450891757	0.00325603919176838	0.00407549366842948
mrentabilidad_annual_lag2	0.00381159992951223	0.00478763576234002	0.00422104701373053
mcomisiones_mantenimiento	0.00364825789170719	0.00574974814426913	0.00261996021541895
mcomisiones_otras_lag2	0.00350287663676993	0.00355815810893134	0.00417252923196352
cajaahorro_saldo_pos	0.00341891104385736	0.00381340058529701	0.00528843821260492
usa_tarjeta_debito	0.00339955123335571	0.00470722338041509	0.00887875406336422
mrentabilidad_annual_lag1	0.00323827828839241	0.00432137709369357	0.00363883363252632
mrentabilidad_annual_lag3	0.00322275985786303	0.00578098963727171	0.00465770704963369
Master_fechaalta_lag1	0.00320014702718636	0.00819750050906227	0.0101887341710737
mcomisiones_otras_lag3	0.00319403500122203	0.00626234540790206	0.00499733152200281
cproductos	0.0030585702354765	0.0107171841531877	0.00378438697782737
Master_fechaalta_lag3	0.00298745672713971	0.00664209956516713	0.00941244966280142
Visa_fechaalta	0.00298695524425783	0.00671004035618968	0.00810246955509194
Master_Fvencimiento	0.00295138967574424	0.00591251390183021	0.00868468293629615
mpayroll	0.0029460978620249	0.0018268148613622	0.0008248022900393
Master_Fvencimiento_lag3	0.00290413453533958	0.00607338059330824	0.00907282519043229
balance	0.00284504980189009	0.00355763273621421	0.00223181796128281
Visa_Fvencimiento_lag3	0.00282826719468778	0.00471171594831516	0.00718063170151861
Visa_mconsumospesos_lag3	0.00280556786815307	0.00527520012806062	0.00800543399155791
Master_fechaalta_lag2	0.00276991341080616	0.0057813680378729	0.00824802290039299
Visa_mconsumototal	0.00270268983127876	0.00481796972506837	0.00785988064625685
mcomisiones_otras_lag1	0.00265542672161683	0.00372930172793617	0.00426956479549755
mactivos_margen	0.00264776915583902	0.00692572419051683	0.00368735141429334
Visa_mpagominimo	0.00262876176369398	0.00551357928232099	0.00611324050264422
mcomisiones	0.0025878222525563	0.00436132149996689	0.00562806268497404
thomebanking_lag1	0.0025686336307683	0.00404755947582305	0.00625879384794527
Master_Fvencimiento_lag2	0.00248958852034444	0.00545758260558835	0.00747173839212071
mcuentas_saldo	0.00247104020240974	0.00749256318162878	0.00417252923196352
mtarjeta_visa_consumo_lag2	0.00246806830304814	0.00364851244819243	0.00252292465188492
hace_transferencias	0.00243098732768107	0.00532701396033999	0.00815098733685896
Visa_mconsumototal_lag3	0.00241818752480566	0.00486506031235362	0.00776284508272282
Visa_mconsumospesos	0.00240356470183451	0.00498995956082668	0.00785988064625685
Visa_mpagospesos_lag3	0.00239483179996392	0.00506894219560321	0.00718063170151861
Visa_Fvencimiento	0.00236086321745683	0.00519519214487191	0.0074232206103537
Visa_Fvencimiento_lag1	0.00235665351811475	0.00612171939163139	0.00737470282858668
Visa_fechaalta_lag3	0.00230188107855272	0.00594179035660362	0.00708359613798457
Visa_fechaalta_lag2	0.00229331632885869	0.00537674163013103	0.00708359613798457
mrentabilidad	0.00221313627361134	0.00431613974685011	0.00354179806899229
Visa_mpagospesos	0.00218654685574494	0.00436448275296391	0.00718063170151861
tiempo_sin_aumento_cc	0.00218590626719991	0.00591144482245102	0.0044151181407986
Visa_Fvencimiento_lag2	0.00216044805481766	0.00503012923417751	0.00645286497501334
mcomisiones_mantenimiento_lag3	0.00215477338218512	0.00399056119463971	0.00223181796128281
Visa_cconsumos_lag3	0.00208289971916195	0.00348723309267515	0.00470622483140071
Visa_msaldopesos	0.0020589516485597	0.00393568920023402	0.0044151181407986
Visa_cconsumos	0.0020479428166099	0.00488685050646439	0.00621027606617825
Visa_cconsumos_lag2	0.00203803272827374	0.00352694652129795	0.00465770704963369
foto_mes_lag1	0.00203451530716026	0.000923510711704858	0.00126146232594246
Visa_mconsumospesos_lag1	0.00201582338662382	0.00385248750394906	0.00625879384794527
Visa_mconsumospesos_lag2	0.00201359727196778	0.00420959638393389	0.00669545388384843
cliente_edad_lag1	0.00200984143292466	0.00425437148414089	0.00509436708553685
Visa_mpagominimo_lag3	0.0020009698360182	0.00434623566885079	0.00562806268497404
Visa_mpagominimo_lag1	0.0019864749427873	0.00474972041282491	0.00543399155790597
Visa_mconsumototal_lag2	0.00197749951596958	0.0038531398617766	0.00674397166561545
numero_de_cliente_lag2	0.00193235260713474	0.00425688999711755	0.00519140264907088
Visa_fechaalta_lag1	0.0019270984996666	0.00407812005813304	0.00596768715734317
mactivos_margen_lag1	0.0019224890060027	0.00345179898713388	0.00257144243365193
cliente_edad_lag2	0.00192208114180533	0.00417529868242206	0.00460918926786667
Visa_mpagospesos_lag2	0.00189850038580929	0.00329683387230758	0.00567658046674106
mcuenta_corriente_lag2	0.00186086394363131	0.00439556059296622	0.00354179806899229
Visa_mpagominimo_lag2	0.00185116085298182	0.00354098491310101	0.0044151181407986
cliente_edad	0.00185013210067869	0.00505956558499526	0.00460918926786667
mcomisiones_lag1	0.00180464204569944	0.00295565508657526	0.00368735141429334
mcuenta_debitos_automaticos	0.00180321240746785	0.00394647466931539	0.0019407112706807
aumento_transferencias_recibidas	0.00180160149724418	0.00433613742214797	0.00810246955509194
pago_mis_cuentas	0.00179248385704923	0.00293348814492391	0.00567658046674106
disminuyo_debito_automatico	0.00178390111160242	0.00251491756983369	0.00252292465188492
Master_mfinanciacion_limite	0.00177158556863946	0.00333356502931383	0.00528843821260492
Visa_mconsumosdolares_lag3	0.00174982583103223	0.00340787626508807	0.00538547377613896
ccajas_transacciones	0.00174408290227153	0.00351846977677415	0.00150405123477755
tiene_master	0.00173969596176711	0.00208276710184199	0.00169812236184562
Visa_msaldopesos_lag2	0.00168854344294306	0.00327974002338647	0.00407549366842948
Visa_mpagospesos_lag1	0.00167593141088149	0.00342910862638249	0.00582213381204211
thomebanking_lag2	0.00166620052385127	0.00311232285382864	0.00514288486730387
Visa_msaldototal	0.00165775934903648	0.00418991504432526	0.00465770704963369
cliente_edad_lag3	0.00163062319113058	0.00386923631403764	0.00402697588666246
Master_mlimitecompra_lag1	0.00158554769781551	0.00343459333120432	0.0049488137402358
tiempo_sin_aumento_ah	0.00158066440724858	0.00563629108077386	0.00291106690602106
Master_fultimo_cierre	0.00157844250383611	0.0030564474516334	0.00291106690602106
numero_de_cliente	0.00157296577082967	0.00369794226651741	0.00456067148609966
mcuenta_corriente_lag3	0.00155767798942535	0.00416644789536596	0.0035903158507593
Visa_cconsumos_lag1	0.00153667305316441	0.00404412591866029	0.00470622483140071
Visa_msaldototal_lag1	0.00153375126595481	0.00305790409858624	0.00397845810489544
mrentabilidad_annual	0.0015113501127214	0.00398920192798455	0.00339624472369123
Visa_msaldopesos_lag3	0.00148779482599268	0.00239424970568451	0.00354179806899229
Master_mlimitecompra	0.00148039014502647	0.00308129235147103	0.00490029595846878
cliente_antiguedad_lag3	0.00147206037176133	0.00446072709745246	0.00470622483140071
disminuyo_transferencias_recibidas	0.00146522065435493	0.00303812868480115	0.00509436708553685
Visa_mconsumosdolares	0.00141797885493396	0.00273061838560164	0.00392994032312843
Master_mfinanciacion_limite_lag1	0.00141621666511935	0.00278216697679241	0.00431808257726457
numero_de_cliente_lag3	0.00141428069126251	0.00315004765053902	0.0041240114501965
Master_mfinanciacion_limite_lag2	0.00141105137821476	0.00269056803317111	0.00422104701373053
cliente_antiguedad	0.00139997718442046	0.00352802131125016	0.00388142254136141
Master_mfinanciacion_limite_lag3	0.00139267746512827	0.00299247445690672	0.00446363592256562
Visa_mfinanciacion_limite	0.00137122669954401	0.00368384331258477	0.00417252923196352
Master_mlimitecompra_lag3	0.00136803161564726	0.00277338366466479	0.0041240114501965
Visa_mconsumototal_lag1	0.0013657223236613	0.00318280169399868	0.00528843821260492
thomebanking_lag3	0.00133849597793336	0.00252636215926327	0.00402697588666246
Master_mlimitecompra_lag2	0.00132519539844406	0.00231613853440529	0.00373586919606036
numero_de_cliente_lag1	0.0013130723588302	0.00335480340173773	0.00402697588666246
Visa_msaldototal_lag3	0.00130542371776044	0.00240679222791482	0.0035903158507593
mactivos_margen_lag3	0.00130233950224404	0.00541632687141753	0.00373586919606036
Visa_mfinanciacion_limite_lag1	0.00129385042235945	0.00358338396410019	0.00349328028722527
Visa_mfinanciacion_limite_lag3	0.00128669798649554	0.00251395248299461	0.00271699577895299
Visa_mlimitecompra_lag3	0.00127199621492216	0.00252643294031297	0.00368735141429334
chomebanking_transacciones	0.00126948882913175	0.00569601691196176	0.00407549366842948
Visa_mconsumosdolares_lag2	0.00126535476727534	0.00292447220208516	0.00407549366842948
cliente_antiguedad_lag1	0.00124306307196764	0.00344591544387061	0.00354179806899229
ccaja_ahorro	0.00124235381578971	0.00900000583169727	0.00300810246955509
tmobile_app_lag3	0.00124007900164349	0.00274379493171455	0.00339624472369123
ctarjeta_visa	0.0012223783377977	0.00138377673508786	0.000630731162971229
Visa_mconsumosdolares_lag1	0.00120671651939784	0.00299151733481421	0.0041240114501965
Master_status	0.00118442622782424	0.0015335401190129	0.00135849788947649
mtransferencias_emitidas	0.00115773056654871	0.0052617983148702	0.00320217359662316
Visa_mfinanciacion_limite_lag2	0.00115629712872192	0.0024929922755877	0.00334772694192422
Visa_mlimitecompra	0.00115437004461313	0.00327215833604323	0.00349328028722527
cdescubierto_preacordado_lag3	0.00113417861541349	0.00308686902657401	0.00150405123477755
ctarjeta_visa_transacciones	0.00112000649099889	0.00329369275659435	0.0019407112706807
cliente_antiguedad_lag2	0.00111116747900466	0.00420879795565982	0.00392994032312843
mcuentas_saldo_lag3	0.00108628085613142	0.00440172891348892	0.00300810246955509
tiempo_sin_disminuir_ah	0.00105538449190345	0.00234398509175208	0.00150405123477755
Visa_mlimitecompra_lag1	0.00104315278897146	0.0023740658356508	0.00276551356072
Visa_mlimitecompra_lag2	0.00103658599863506	0.003044333222379	0.0035903158507593
mprestamos_personales_lag2	0.00103381947386589	0.00197465453357329	0.0008248022900393
Master_cconsumos_lag2	0.00102759989183211	0.00180171839575555	0.00140701567124351
Visa_msaldopesos_lag1	0.00100944434970135	0.00197048686722197	0.00266847799718597
mcaja_ahorro_lag2	0.000998133404128066	0.0025307644099428	0.00198922905244772
chomebanking_transacciones_lag3	0.000997270138079182	0.00276099187150636	0.00276551356072
Visa_status	0.000993836607039707	0.00165777664046006	0.00116442676240842
mactivos_margen_lag2	0.000986193717165356	0.00263203991953342	0.00203774683421474
mtransferencias_recibidas	0.00098206722609077	0.00385907089296281	0.0024744068701179
disminuyo_uso_tar_debito	0.000977962638504389	0.00234085058828128	0.00266847799718597
mcuentas_saldo_lag1	0.000964384804480369	0.0037428604316062	0.00261996021541895
Visa_msaldototal_lag2	0.000944371237471848	0.0021198599785651	0.00305662025132211
mtransferencias_recibidas_lag1	0.00094360173554584	0.00363283993083843	0.00261996021541895
mcaja_ahorro_dolares	0.000941530329453196	0.00345263032634188	0.00213478239774877
disminuyo_transferencias_emitidas	0.000919900865352587	0.00228213537823831	0.00271699577895299
mprestamos_personales_lag3	0.000889958759019196	0.00448394478453807	0.00179515792537965
mtransferencias_recibidas_lag2	0.000884396875448196	0.0027783616312709	0.0024744068701179
mrentabilidad_lag2	0.000877330645896101	0.0038049011487594	0.00281403134248702
mpasivos_margen_lag3	0.000877112894987265	0.00375502815991302	0.00291106690602106
mtransferencias_emitidas_lag1	0.000867225340194814	0.00314739914688722	0.0024744068701179
Visa_fultimo_cierre_lag1	0.00085410405197404	0.00225349099373042	0.00237737130658386
mrentabilidad_lag1	0.000851643087288017	0.00316565494713809	0.00261996021541895
chomebanking_transacciones_lag1	0.00085123999804659	0.00275215400837865	0.00223181796128281
mcaja_ahorro_lag3	0.000848751243523609	0.0028297477716873	0.00232885352481685
mttarjeta_visa_debitos_automaticos_lag3	0.000842508085202639	0.00368294585095242	0.00281403134248702
mcuentas_saldo_lag2	0.000834559491543637	0.00417616007727749	0.00286254912425404
internet_lag1	0.000828717893696648	0.00289749004515856	0.00121294454417544
ctrx_quarter_lag2	0.000825043115117449	0.00213446597126993	0.00174664014361263
mrentabilidad_lag3	0.000791489608148089	0.00360590511155654	0.00271699577895299
mtransferencias_recibidas_lag3	0.000770806785466565	0.00233761254310507	0.00237737130658386
Master_fultimo_cierre_lag2	0.00076952239010464	0.00225504982988454	0.00232885352481685
mcaja_ahorro_dolares_lag3	0.000747413388026849	0.00390766005482908	0.00257144243365193
Master_fultimo_cierre_lag3	0.000741132967253529	0.00208050736798974	0.00242588908835088
active_quarter	0.000730208861760732	0.00127160094384267	0.00126146232594246
Master_msaldopesos_lag1	0.000700109804263262	0.00150902147322815	0.00126146232594246
mttarjeta_visa_debitos_automaticos_lag2	0.000694790886346127	0.00250273526453786	0.00184367570714667
mpagomiscuentas	0.000692867983376699	0.0044139983801623	0.00174664014361263
total_tarjetas	0.00067630172174427	0.0016143550963352	0.000679248944738247
mttarjeta_visa_debitos_automaticos	0.000673388438600634	0.00176738192245853	0.00174664014361263
chomebanking_transacciones_lag2	0.00064965868374586	0.00313019920153067	0.00252292465188492
mcaja_ahorro_dolares_lag2	0.000645395169429825	0.00176191870742461	0.0016496045800786
mpayroll_lag1	0.000636469928826153	0.00101155181806126	0.000533695599437194
Master_mpagominimo	0.00061520991520834	0.00167492609232892	0.0016496045800786
internet_lag2	0.000607212583373784	0.0014168020307656	0.00145553345301053
Master_mpagominimo_lag1	0.000596732569378239	0.00137793722334808	0.00130998010770948
mprestamos_personales_lag1	0.000592255728898788	0.0021436122053403	0.000727766726505264
Visa_fultimo_cierre_lag2	0.000584776996699908	0.00185913700516824	0.00208626461598176
mtarjeta_visa_consumo_lag3	0.000584716564867161	0.00251957649574229	0.00198922905244772
aumento_transferencias_emitidas	0.000579232383308145	0.00164210622700138	0.00218330017951579
Master_fultimo_cierre_lag1	0.000578527909190373	0.00158184029582911	0.00179515792537965
Visa_mpagado_lag3	0.000575006048809497	0.00116779009011282	0.000970355635340352
mcaja_ahorro_lag1	0.000574716839409061	0.00307202288924618	0.00208626461598176
mcomisiones_mantenimiento_lag2	0.00056850152525042	0.00170945386982184	0.000873320071806317
Master_mpagominimo_lag3	0.000559242073507775	0.0019129357124041	0.00169812236184562
Master_msaldototal	0.000555129571315417	0.00149600467288135	0.00179515792537965
Master_msaldototal_lag2	0.000544402392390685	0.00102826065413875	0.00140701567124351
Master_msaldopesos_lag3	0.000541566468510358	0.00109750856526817	0.00130998010770948
Master_msaldopesos_lag2	0.000540183602509558	0.00145967956767192	0.00184367570714667
active_quarter_lag2	0.000539757185702684	0.000735392113864517	0.000679248944738247
mautoservicio_lag3	0.000532988219303883	0.00314077322913235	0.0019407112706807
mttarjeta_visa_debitos_automaticos_lag1	0.000525139834568789	0.00223696354348519	0.0016496045800786
Visa_fultimo_cierre	0.000523002426780006	0.00143039169175249	0.00169812236184562
Master_msaldototal_lag3	0.000520344009236504	0.000830899644156252	0.000921837853573335
Master_mconsumospesos_lag2	0.000517649913059569	0.00138001587192455	0.000970355635340352
mpasivos_margen_lag2	0.000513301661197025	0.00156872596490638	0.00140701567124351
mtransferencias_emitidas_lag3	0.000503240139897088	0.00164670849801458	0.00160108679831158
mextraccion_autoservicio	0.000502458718337638	0.0010237503534067	0.000582213381204211
mcuenta_debitos_automaticos_lag3	0.000496288141089599	0.00303587901959078	0.00160108679831158
cprestamos_personales	0.00048495536661823	0.000315573327736395	0.000145553345301053
Visa_fultimo_cierre_lag3	0.000468976682178093	0.00122326485052778	0.00169812236184562
mpasivos_margen_lag1	0.00046535744160949	0.00153471213898456	0.00126146232594246
Visa_mpagado_lag1	0.000458586912415625	0.00168973015175034	0.00126146232594246
Visa_mpagosdolares_lag3	0.000453670061244669	0.000781257482682162	0.00121294454417544
mforex_sell_lag3	0.000453519893507572	0.00148888539167387	0.00101887341710737
Master_mpagominimo_lag2	0.000446665856613081	0.000888262650621198	0.00116442676240842
Master_cconsumos	0.000444620824135219	0.00105182954146461	0.00106739119887439
mautoservicio	0.000441754745845073	0.00168570464861138	0.00106739119887439
Visa_mpagado	0.000437133844249165	0.00185368370849798	0.00145553345301053
ctarjeta_master	0.000430348028932041	0.00111728202543618	0.000630731162971229
Master_msaldototal_lag1	0.000423819081926811	0.00107218382701927	0.00155256901654456
Master_mpagospesos_lag1	0.000414678223064694	0.00101947689117642	0.00126146232594246
Master_mconsumototal_lag3	0.00041462847528214	0.00136168748728513	0.00101887341710737
cseguro_accidentes_personales_lag3	0.000408390060628865	0.0015567157281921	0.000776284508272282
Master_mpagospesos	0.000407197901634163	0.00196586821588093	0.00121294454417544
cdescubierto_preacordado_lag2	0.000398343854331106	0.00184172231221078	0.000970355635340352
mcuenta_debitos_automaticos_lag1	0.000397937458040927	0.00117360465566523	0.000970355635340352
Master_msaldopesos	0.000389271786307602	0.00107201521483717	0.00121294454417544
Master_mconsumototal	0.000385393886549758	0.00130484279046017	0.00106739119887439
foto_mes_lag3	0.000384390524212426	0.00111587632280574	0.00111590898064141
tcallcenter_lag1	0.000381051043989231	0.00221387765041358	0.00111590898064141
mtarjeta_visa_consumo_lag1	0.000379775157197349	0.000848663433458646	0.00101887341710737
mcuenta_debitos_automaticos_lag2	0.000378245523372493	0.00190769956778654	0.00121294454417544
tmobile_app_lag2	0.000377429636028189	0.00136383481301599	0.00116442676240842
active_quarter_lag1	0.000377363436437197	0.00132924542144582	0.0008248022900393
Master_mconsumospesos_lag1	0.000368801170507582	0.0010559817291575	0.00106739119887439
Master_mpagospesos_lag2	0.000363571886400859	0.00145331934184036	0.00121294454417544
mpagomiscuentas_lag3	0.000360781803430941	0.00141489199437123	0.00101887341710737
foto_mes_lag2	0.000359018256513425	0.00067087000245924	0.000679248944738247
Master_mconsumototal_lag2	0.000342865172535376	0.00106430864627884	0.000921837853573335
mcaja_ahorro_dolares_lag1	0.000342132497402601	0.00133206163561031	0.00106739119887439
Master_mconsumospesos	0.000326830742430133	0.000687305332145091	0.0008248022900393
Master_mpagospesos_lag3	0.000322649400552535	0.00199371672684479	0.00126146232594246
Visa_mpagado_lag2	0.000321438269527412	0.0010776135300063	0.00111590898064141
Visa_mpagosdolares	0.000318634611419407	0.00042313632849179	0.000679248944738247
ctarjeta_visa_transacciones_lag3	0.0003101195327849	0.00156592853552154	0.00126146232594246
mtransferencias_emitidas_lag2	0.000306472249444683	0.00224267892540107	0.00130998010770948
Master_madelantodolares	0.000306204047922923	0.000242293902338531	0.000533695599437194
Master_mconsumototal_lag1	0.000297650705612204	0.00112182523710217	0.000970355635340352
mextraccion_autoservicio_lag2	0.000295788407314562	0.00171680983925286	0.000970355635340352
Visa_mpagosdolares_lag2	0.000291324798330566	0.000563679691732016	0.00116442676240842
ctarjeta_visa_transacciones_lag1	0.000279568627490182	0.00100445072052047	0.000630731162971229
tmobile_app_lag1	0.00027792870571205	0.000933814989870828	0.000533695599437194
mautoservicio_lag2	0.000272728978502067	0.00106703589572692	0.000970355635340352
mautoservicio_lag1	0.000272604141372221	0.00117052545458571	0.000921837853573335
mpayroll_lag3	0.000270355021212563	0.00167251292439651	0.000727766726505264
mextraccion_autoservicio_lag3	0.000269403818674586	0.00148421068655036	0.000921837853573335
tcallcenter_lag2	0.000268839053166405	0.00154745934017389	0.000776284508272282
Visa_madelantopesos_lag3	0.000266595942330186	0.000175247717661821	0.000485177817670176
cuentacorriente_saldo_pos	0.00026507787651937	0.000700953902200942	0.000291106690602106
cmobile_app_trx_lag3	0.000256655077614814	0.00299777386866213	0.00111590898064141
ccaja_ahorro_lag3	0.000248726529753938	0.00709911702389732	0.00237737130658386
ccajas_transacciones_lag2	0.000245987250973924	0.00155934529678603	0.0008248022900393
mpagomiscuentas_lag2	0.000240558298617102	0.000452052416052478	0.000533695599437194
Master_mpagosdolares_lag2	0.000223663825465822	0.000555996266022215	0.000727766726505264
cseguro_accidentes_personales_lag1	0.00022310541417788	0.000725001275433941	0.000436660035903159
tcallcenter_lag3	0.000218754704141772	0.00108500526565776	0.000582213381204211
Master_mpagosdolares_lag3	0.00021771593629957	0.000518090534314281	0.000776284508272282
Master_mconsumosdolares_lag2	0.00020756971530926	0.000440758856251248	0.0008248022900393
Master_mconsumosdolares_lag3	0.000206432943605368	0.00046029307346569	0.000776284508272282
Master_mconsumospesos_lag3	0.00020317759042834	0.000728223541395245	0.000630731162971229
matm	0.000202758210704367	0.000601969384335907	0.000291106690602106
mextraccion_autoservicio_lag1	0.000197299339127639	0.00110161732255052	0.000533695599437194
Master_mconsumosdolares	0.000196793991186159	0.000511441323432653	0.000679248944738247
ccomisiones_mantenimiento	0.000192233621124112	0.000291089546502668	9.70355635340352e-05
ctarjeta_debito_transacciones_lag2	0.000190523466607709	0.00210359596606962	0.000873320071806317
Visa_cadelantosefectivo	0.000187961900838564	0.000207881087697037	0.000485177817670176
balance_transferencias	0.000178603499688921	0.00129643397169957	0.000630731162971229
internet_lag3	0.000177306490218473	0.000535615230941345	0.000436660035903159
Master_cconsumos_lag1	0.000174995992950213	0.000667438699470039	0.000582213381204211
Visa_msaldodolares_lag3	0.000173078086066732	0.000457909059511295	0.000436660035903159
Visa_madelantopesos_lag1	0.000171191327225903	0.000336116362756929	0.000485177817670176
Visa_cadelantosefectivo_lag1	0.000166475592541565	0.000234321792135135	0.000388142254136141
ctransferencias_recibidas_lag3	0.000164053237946761	0.00153733479477957	0.000533695599437194
Visa_madelantopesos	0.000161842914551652	0.000179878090705367	0.000339624472369123
Visa_delinquency_lag2	0.000161452570055631	0.000337824876035264	0.000242588908835088
cdescubierto_preacordado_lag1	0.000160935360304555	0.00113230113301498	0.000630731162971229
ccomisiones_otras_lag3	0.000158120096765745	0.00172783470156604	0.000727766726505264
aumento_debito_automatico	0.000155721157792338	0.00108889131059263	0.000630731162971229
Master_madelantodolares_lag3	0.000151048898983483	0.000226604253265496	0.000485177817670176
active_quarter_lag3	0.000150857510104859	0.00075635036765434	0.000436660035903159
cseguro_accidentes_personales_lag2	0.000150093117932222	0.00071457196577465	0.000485177817670176
mpayroll_lag2	0.000149579253779129	0.00137228646107418	0.000533695599437194
matm_lag3	0.000146530711153379	0.000654726062275254	0.000436660035903159
ccajas_transacciones_lag3	0.000142792172938279	0.000912014126005218	0.000485177817670176
ctarjeta_visa_transacciones_lag2	0.000132133120472006	0.000244504946041948	0.000291106690602106
ccajas_transacciones_lag1	0.000130024647049489	0.00115970301705799	0.000485177817670176
mtarjeta_master_consumo	0.00012035934992742	0.00061128468142309	0.000242588908835088
Visa_mpagosdolares_lag1	0.000120251495747085	0.000308684122510013	0.000679248944738247
mpagomiscuentas_lag1	0.000109160090717481	0.000970919888852905	0.000533695599437194
ctarjeta_debito	0.000107449945310314	0.00156034479734142	0.000533695599437194
cproductos_lag2	0.000106084220647518	0.000195984461330062	0.000145553345301053
Master_cadelantosefectivo_lag3	0.000104227658792286	0.000233515699670978	0.000436660035903159
Master_mpagado_lag2	9.84338530144684e-05	0.000153774911187944	0.000291106690602106
Master_mpagosdolares_lag1	9.80890214303476e-05	0.000212857401242538	0.000388142254136141
Master_mpagosdolares	9.16544223477132e-05	0.000151033986420281	0.000339624472369123
ctarjeta_debito_lag2	9.09473526174782e-05	0.000754647264392542	0.000339624472369123
Master_cadelantosefectivo	8.95810726873349e-05	0.000347683879784512	0.000388142254136141
matm_other_lag3	8.53923611737098e-05	0.000675692731646358	0.000339624472369123
ctarjeta_visa_debitos_automaticos	8.34636333098697e-05	0.00180919248388098	0.000679248944738247
tiene_seguro	8.28338906965825e-05	0.000976066317362878	0.000388142254136141
cprestamos_personales_lag2	8.20009777939857e-05	0.000145544773251334	4.85177817670176e-05
Visa_madelantodolares_lag3	8.13093465026786e-05	0.000209491168730029	0.000242588908835088
cseguro_vivienda_lag2	7.98014439589731e-05	0.00129917594841489	0.000436660035903159
ctarjeta_debito_lag3	7.76461680735685e-05	0.00106530183514827	0.000388142254136141
Visa_delinquency_lag1	7.70278788064497e-05	0.000277435866986752	0.000242588908835088
Visa_madelantodolares_lag2	7.58760697670577e-05	0.000107845523841266	0.000291106690602106
ccomisiones_otras_lag2	7.54162125584685e-05	0.000741668634717975	0.000339624472369123
Master_cconsumos_lag3	7.52560766767376e-05	0.00023017967308414	0.000291106690602106
Master_cadelantosefectivo_lag2	7.36077192179214e-05	0.000119535517632139	0.000242588908835088
cextraccion_autoservicio_lag2	7.14706855679074e-05	0.000486479957961214	0.000242588908835088
cprestamos_personales_lag3	6.95101413867338e-05	0.00160099250576467	0.000533695599437194
cseguro_vida_lag2	6.89406580863688e-05	0.000582179093005335	0.00019407112706807
Master_madelantopesos_lag3	6.88770885562648e-05	9.25834163529675e-05	0.00019407112706807
ctarjeta_debito_transacciones_lag3	6.68766438087608e-05	0.000984948362292312	0.000388142254136141
cproductos_lag3	6.53347374108826e-05	0.00171071049644102	0.000582213381204211
Visa_cadelantosefectivo_lag3	6.17577301108136e-05	0.000180725359406507	0.000339624472369123
Master_mpagado_lag1	6.09954717437247e-05	0.000646639590333374	0.000388142254136141
mtarjeta_master_consumo_lag3	6.07433694105532e-05	0.000385187767486264	0.00019407112706807
Master_mconsumosdolares_lag1	5.47580646511711e-05	0.000175932986423296	0.000242588908835088
Visa_cadelantosefectivo_lag2	5.27939759375201e-05	0.000130679099752678	0.000242588908835088
cseguro_vivienda_lag3	5.27727370109917e-05	0.000696586215515962	0.000242588908835088
cseguro_accidentes_personales	5.26593911824641e-05	0.000307068781738721	0.00019407112706807
ccomisiones_otras_lag1	5.19870786006205e-05	0.00119025954185558	0.000436660035903159
Master_madelantopesos	5.05668261166404e-05	0.000225987210823695	0.000291106690602106
cpayroll_trx_lag3	5.05141164461713e-05	0.000727723866256669	0.000242588908835088
ctarjeta_debito_transacciones_lag1	5.03235472667765e-05	0.00140710517723426	0.000485177817670176
Master_delinquency_lag3	4.90870064896624e-05	0.000114374962967873	4.85177817670176e-05
mtarjeta_master_consumo_lag2	4.88486993684402e-05	0.000187048466513485	0.000145553345301053
cpagomiscuentas_lag3	4.85377280030013e-05	0.000571534735188661	0.00019407112706807
disminuyo_uso_tar_master	4.83827944191993e-05	0.000188273835259333	0.000145553345301053
Master_cadelantosefectivo_lag1	4.83007991488038e-05	0.000145507504248517	0.000242588908835088
ctransferencias_emitidas_lag1	4.76361164102961e-05	0.00145544773251334	0.000485177817670176
Visa_madelantopesos_lag2	4.65874210189701e-05	5.81984031853495e-05	9.70355635340352e-05
Visa_delinquency	4.44365260160318e-05	0.00033151213812665	0.00019407112706807
Master_delinquency_lag2	4.42147174375888e-05	0.000101943496354825	4.85177817670176e-05
ccomisiones_otras	4.39497783425255e-05	0.000992789580151137	0.000339624472369123
cseguro_vida_lag1	4.3578817772817e-05	0.000145544773251334	4.85177817670176e-05
ctarjeta_visa_debitos_automaticos_lag2	4.28525460369548e-05	0.000145544773251334	4.85177817670176e-05
ctarjeta_master_transacciones_lag2	4.25945249446339e-05	0.000436634319754002	0.000145553345301053
Visa_msaldodolares_lag2	4.22006933274254e-05	0.000262266631449022	0.000145553345301053
ccuenta_debitos_automaticos_lag1	4.14703163625018e-05	3.86873288194313e-05	4.85177817670176e-05
ctransferencias_emitidas	4.10258768660279e-05	0.000873268639508003	0.000291106690602106
mcomisiones_mantenimiento_lag1	3.9382705466937e-05	9.46877625079971e-05	9.70355635340352e-05
cprestamos_personales_lag1	3.70143146467785e-05	0.000436634319754002	0.000145553345301053
Master_madelantopesos_lag1	3.61014688576425e-05	4.55365600347268e-05	9.70355635340352e-05
catm_trx_lag3	3.60706698703562e-05	0.000873268639508003	0.000291106690602106
Master_madelantodolares_lag2	3.58379748306685e-05	4.5942461553311e-05	9.70355635340352e-05
Visa_madelantodolares_lag1	3.54629042792537e-05	6.28191584217166e-05	0.000145553345301053
Visa_madelantodolares	3.25509537244433e-05	5.1969069698362e-05	0.000145553345301053
Visa_delinquency_lag3	3.23971285630493e-05	5.6561572626142e-05	4.85177817670176e-05
Master_delinquency	3.19703378814416e-05	0.000175107958901257	0.00019407112706807
ctransferencias_recibidas_lag1	2.99467377198503e-05	0.000693152658353203	0.000242588908835088
ctransferencias_recibidas	2.97484336108598e-05	0.000979323748431679	0.000339624472369123
ctarjeta_master_transacciones_lag3	2.89924095257354e-05	0.000727723866256669	0.000242588908835088
Visa_msaldodolares_lag1	2.74182978857484e-05	2.60447212831658e-05	4.85177817670176e-05
cpagomiscuentas_lag1	2.71098514949375e-05	0.000820519325202277	0.000291106690602106
Visa_msaldodolares	2.50282310442496e-05	0.000239295100115892	0.00019407112706807
cforex_lag3	2.41104430324759e-05	0.00101881341275934	0.000339624472369123
Master_mpagado_lag3	2.36167204338155e-05	6.26374720329834e-05	0.00019407112706807
mttarjeta_master_debitos_automaticos_lag2	2.25860535635675e-05	1.55470350259646e-05	4.85177817670176e-05
Master_msaldodolares	2.22903651199536e-05	2.36042027115969e-05	4.85177817670176e-05
ctransferencias_emitidas_lag2	2.22583832521556e-05	0.000727723866256669	0.000242588908835088
ccallcenter_transacciones_lag3	2.04773892431461e-05	0.000582179093005335	0.00019407112706807
cmobile_app_trx_lag2	1.9986338313707e-05	0.000377875829578736	0.000145553345301053
internet	1.83397670572705e-05	0.000216275329468632	9.70355635340352e-05
Master_msaldodolares_lag2	1.71489052705934e-05	1.76115574481453e-05	4.85177817670176e-05
ctarjeta_debito_lag1	1.68991220961214e-05	0.000145544773251334	4.85177817670176e-05
cextraccion_autoservicio_lag3	1.67720405957239e-05	0.000134426137318164	4.85177817670176e-05
cproductos_lag1	1.57923879331908e-05	0.000123514133961098	9.70355635340352e-05
mttarjeta_master_debitos_automaticos_lag3	1.53004252880358e-05	0.000127248097319951	4.85177817670176e-05
Master_mpagado	1.4706520521786e-05	7.57937305838808e-05	9.70355635340352e-05
Master_madelantodolares_lag1	1.45685740790638e-05	0.000152268972973308	0.000145553345301053
ctarjeta_visa_debitos_automaticos_lag3	1.24113441965105e-05	0.000257364855909155	9.70355635340352e-05
Master_msaldodolares_lag3	1.19024003510818e-05	8.62718806702505e-05	4.85177817670176e-05
Master_madelantopesos_lag2	1.15988903741204e-05	3.23230454754692e-05	9.70355635340352e-05
matm_other	1.02584647002853e-05	0.000134609025932795	4.85177817670176e-05
Master_delinquency_lag1	8.88037933219631e-06	1.88092749983549e-05	4.85177817670176e-05
matm_lag2	8.73065200686052e-06	0.000134426137318164	4.85177817670176e-05
ccomisiones_mantenimiento_lag2	8.44546321200249e-06	7.39226162529323e-05	4.85177817670176e-05
cextraccion_autoservicio_lag1	7.73707884737748e-06	0.000291089546502668	9.70355635340352e-05
matm_other_lag2	5.23065009608219e-06	0.000145544773251334	4.85177817670176e-05
cpagomiscuentas	5.0799431978227e-06	0.000145544773251334	4.85177817670176e-05
cseguro_vida_lag3	4.46655945236151e-06	0.000136542505732167	4.85177817670176e-05
mforex_sell_lag2	4.4038910765401e-06	1.73353460482349e-05	4.85177817670176e-05
catm_trx_lag2	3.47262641204424e-06	0.000125252252052155	4.85177817670176e-05
qtd_debito_automatico	3.41801852199509e-06	0.000145544773251334	4.85177817670176e-05
catm_trx_lag1	3.37455584830252e-06	0.000145544773251334	4.85177817670176e-05
catm_trx_other_lag2	3.13012230375168e-06	0.000145544773251334	4.85177817670176e-05
ccaja_ahorro_lag2	2.88226342239779e-06	0.000145544773251334	4.85177817670176e-05
ctransferencias_emitidas_lag3	2.75421871929794e-06	0.000145544773251334	4.85177817670176e-05
