Feature	Gain	Cover	Frequency
ctrx_quarter_lag1	0.141855547641241	0.050471335325816	0.0167539267015707
deudas	0.118917341622851	0.0411683100487734	0.0387434554973822
recibe_sueldo	0.10284424340491	0.138850016466964	0.050261780104712
ctrx_quarter	0.0962690115579121	0.0429201361503391	0.0178010471204189
mcaja_ahorro	0.0828747370528122	0.0307221781775993	0.012565445026178
mpasivos_margen	0.0687136877001708	0.0367628397163718	0.0230366492146597
disminuye_saldo_corriente	0.0645303696335936	0.0222080952696965	0.0293193717277487
disminuye_saldo_ahorro	0.0631413359140305	0.0520605178109284	0.0743455497382199
usa_tarjeta_visa	0.0604560584407037	0.0804423821746307	0.0418848167539267
mcaja_ahorro_lag1	0.0309824943314665	0.00599587738423955	0.00418848167539267
ctrx_quarter_lag2	0.0184991374989852	0.0167282730862235	0.00837696335078534
aumento_saldo_corriente	0.0156257513787234	0.0164185838228373	0.031413612565445
saldo_pos	0.015174886216522	0.00141706373276644	0.00418848167539267
mpasivos_margen_lag3	0.0114738306553845	0.0002728831000451	0.00104712041884817
mtarjeta_visa_consumo	0.0111275622499915	0.0225713440710938	0.0178010471204189
mcuenta_corriente	0.00940676013059775	0.000790630725256275	0.00209424083769634
aumento_saldo_ahorro	0.0081970089446812	0.0240085826423712	0.0408376963350785
activos	0.00738347174811136	0.00903423084662914	0.0136125654450262
mcuentas_saldo	0.00688362721383201	0.00797511895221482	0.0136125654450262
cpayroll_trx	0.00666719567676966	0.00397179063681148	0.00104712041884817
mcomisiones_lag3	0.0066053677449608	0.0146066685168338	0.018848167539267
ctrx_quarter_lag3	0.00598202315735257	0.00423853462991706	0.00209424083769634
mpayroll	0.00459465589723372	0.0113342193934722	0.00628272251308901
tiempo_sin_disminuir	0.00424485911489606	0.002718993783367	0.00837696335078534
tiempo_sin_aumento	0.0041918649965649	0.00847492118265449	0.0157068062827225
mpasivos_margen_lag1	0.00405654388769797	0.00799546059217346	0.0115183246073298
mcomisiones_otras_lag2	0.00354080645215668	0.00823848216475928	0.0115183246073298
total_tarjetas	0.00228693007229189	0.000771928621478305	0.00104712041884817
mcomisiones_otras_lag3	0.0022408851580176	0.00649572843461512	0.00628272251308901
tiene_visa	0.00221973620655487	0.000708816649342641	0.00104712041884817
Visa_mpagominimo	0.00174008644927427	0.00336899868326124	0.00628272251308901
ctarjeta_master	0.00172209940114908	0.00448007939944188	0.00523560209424084
Visa_msaldopesos	0.00116510364857786	0.00597667894444659	0.00523560209424084
mrentabilidad_annual_lag3	0.00102772726475154	0.00258752983264233	0.0031413612565445
balance	0.000957012282658413	0.000748519462213907	0.00209424083769634
mrentabilidad_annual_lag1	0.000955979935131	0.0021974219298436	0.00523560209424084
mcomisiones_lag2	0.000909240370979125	0.00425707806890335	0.00732984293193717
mcomisiones	0.000823697575859184	0.000322756732895683	0.00104712041884817
ctarjeta_visa_transacciones	0.000782239087530299	0.00145563148212801	0.00209424083769634
mcaja_ahorro_lag2	0.000723040186945955	0.00146845078362995	0.00418848167539267
mpasivos_margen_lag2	0.000583704475367397	0.00245923510942321	0.00418848167539267
mrentabilidad_annual_lag2	0.000567153169040973	0.00297778826357675	0.00628272251308901
mprestamos_personales_lag1	0.000542081310511626	0.000466751133834875	0.00104712041884817
Visa_mconsumototal	0.000437655332479679	0.000605924566103869	0.00209424083769634
mcomisiones_otras	0.000423750490982084	0.000438700012331916	0.00104712041884817
Visa_mpagominimo_lag1	0.000390553167143954	0.000483113949017601	0.00104712041884817
usa_tarjeta_debito	0.000387867961479642	0.0510938383284861	0.0345549738219895
Visa_mpagospesos	0.000373055680957979	0.000545937069865852	0.00104712041884817
Visa_msaldototal	0.000329940645272052	0.000898787224916341	0.00209424083769634
mcuenta_corriente_lag3	0.000310355021212782	0.00112269579259703	0.0031413612565445
mprestamos_personales	0.000293960505739409	0.00205465616395791	0.00209424083769634
mcomisiones_otras_lag1	0.000291045521956099	0.00113212210855386	0.00209424083769634
tiempo_sin_aumento_cc	0.000253516802365747	0.000310356469176899	0.00104712041884817
pago_mis_cuentas	0.000214057538178704	0.00277392027958331	0.00837696335078534
mrentabilidad_annual	0.000166089277955293	0.00110599530619099	0.0031413612565445
Visa_madelantodolares	0.000165875859699495	0.0059988554003295	0.0031413612565445
Visa_mpagosdolares	0.00016315582362059	0.000288517684517307	0.00104712041884817
Master_mpagosdolares	0.00015276553871169	0.00106666271116697	0.00418848167539267
mprestamos_personales_lag2	0.00014638824632168	0.00202475802154671	0.0031413612565445
mcomisiones_lag1	0.00014067968452188	0.00187926240757857	0.00418848167539267
Master_cadelantosefectivo_lag1	0.000130470488751389	0.000843392870980984	0.0031413612565445
Master_madelantodolares	0.000124489496832787	0.0015052081270352	0.00523560209424084
mcaja_ahorro_lag3	0.000112073771322172	0.000868258491666421	0.00209424083769634
mcuenta_corriente_lag1	9.86031294829854e-05	0.000264095511582969	0.00104712041884817
mttarjeta_visa_debitos_automaticos	9.31692910678268e-05	0.00133640099367447	0.0031413612565445
mcomisiones_mantenimiento_lag3	8.57784286569222e-05	0.000312044825293466	0.00104712041884817
Master_msaldototal	8.36655578379188e-05	0.000443390794506377	0.00104712041884817
foto_mes	8.3179675489622e-05	0.000841956751199905	0.0031413612565445
mtransferencias_recibidas_lag1	6.86378457177019e-05	0.00427735868394211	0.00942408376963351
mcuenta_debitos_automaticos	5.02147472320121e-05	0.00254867730032134	0.00628272251308901
Visa_fechaalta_lag3	4.81364216208366e-05	0.000880048506186446	0.00209424083769634
Master_cconsumos_lag3	4.72954355726211e-05	0.000274270399890279	0.00104712041884817
mautoservicio	4.60557723574831e-05	0.0111783658164371	0.00942408376963351
ccomisiones_otras_lag3	4.57916392432388e-05	0.000615887901355609	0.00104712041884817
Visa_mpagospesos_lag3	4.43707590310587e-05	0.000532035593118121	0.00209424083769634
mcuenta_debitos_automaticos_lag1	4.21622325249602e-05	0.0014711277434485	0.0031413612565445
mcaja_ahorro_dolares	3.92553345405035e-05	0.0010384203782484	0.0031413612565445
mtransferencias_recibidas	3.48440125688104e-05	0.00109152019519642	0.0031413612565445
Visa_mpagospesos_lag1	3.38075353314461e-05	0.000619948092691353	0.00209424083769634
hace_transferencias	3.35548119983054e-05	0.00042990021888581	0.00104712041884817
mtransferencias_emitidas_lag2	2.93194124371802e-05	0.000269856264019255	0.00104712041884817
mpayroll_lag3	2.93060179502323e-05	0.0160129349071101	0.0115183246073298
Master_msaldopesos	2.39919395187804e-05	0.000341727346321107	0.00104712041884817
mpayroll_lag1	2.29622554985186e-05	0.00697546973972758	0.00523560209424084
tiene_debito_automatico	2.2103826499984e-05	0.0005418321269222	0.00209424083769634
mprestamos_personales_lag3	2.18816334719784e-05	0.000429611367598397	0.00104712041884817
Master_mpagominimo_lag2	2.09633543959085e-05	0.000259518642592276	0.00104712041884817
tcallcenter	2.08435752009553e-05	0.0233780568969014	0.0178010471204189
Visa_madelantodolares_lag2	1.93972014759563e-05	0.00171687509578878	0.00104712041884817
cliente_edad_lag2	1.92966059142151e-05	0.000269290766428405	0.00104712041884817
mactivos_margen	1.73578902835175e-05	0.000956150649599694	0.00209424083769634
mrentabilidad_lag3	1.45151485279209e-05	0.00046584389669272	0.00104712041884817
Master_mconsumosdolares	1.44940004385569e-05	0.000869487126719922	0.0031413612565445
Master_mconsumospesos	1.36179804167792e-05	0.000875866265010951	0.00209424083769634
mpagomiscuentas	1.31054663955172e-05	0.000561819822345555	0.00209424083769634
mcuentas_saldo_lag1	1.24935395314234e-05	0.00113222788508165	0.0031413612565445
mautoservicio_lag2	1.21430505900265e-05	0.00422811157360225	0.00418848167539267
ctarjeta_debito_transacciones_lag1	1.19983909900672e-05	0.00528279712716158	0.00523560209424084
Master_fechaalta_lag3	1.17311576904318e-05	0.00224116459241065	0.0031413612565445
mautoservicio_lag3	9.55866837909648e-06	0.00774931861201798	0.00732984293193717
Master_madelantopesos	9.4209999219351e-06	0.000814995941598729	0.0031413612565445
mttarjeta_visa_debitos_automaticos_lag3	7.64353698429704e-06	0.000313598926586305	0.00104712041884817
Visa_mpagominimo_lag3	7.30339683925789e-06	0.00641726666096667	0.00628272251308901
mtarjeta_visa_consumo_lag2	7.20371782389884e-06	0.00093515400883439	0.00209424083769634
mcuentas_saldo_lag2	7.16598707751938e-06	0.00157850312413416	0.0031413612565445
Visa_msaldototal_lag2	6.16524337213924e-06	0.000292630764116944	0.00104712041884817
Master_Fvencimiento_lag2	5.32629014048771e-06	0.00154476448009876	0.00418848167539267
tiene_master	5.31028267621463e-06	0.0015664364633107	0.00104712041884817
cliente_edad_lag3	4.80139592236642e-06	0.00160078535654485	0.00104712041884817
cmobile_app_trx	4.03855268104596e-06	0.00192040540855891	0.0031413612565445
mextraccion_autoservicio_lag3	3.98188691480822e-06	0.00190824924451963	0.00209424083769634
cliente_antiguedad_lag1	3.76236023787946e-06	0.00360738236193649	0.0031413612565445
mtransferencias_recibidas_lag2	3.46736309684652e-06	0.000584317676139806	0.00209424083769634
mtransferencias_recibidas_lag3	3.46515377216211e-06	0.000940662524935189	0.0031413612565445
ctarjeta_visa_transacciones_lag1	3.26858544224921e-06	0.00174139084026693	0.00209424083769634
chomebanking_transacciones	3.15763933767332e-06	0.00260786333594498	0.00418848167539267
mttarjeta_visa_debitos_automaticos_lag2	2.8137977235511e-06	0.000296727570404613	0.00104712041884817
tcallcenter_lag1	2.75767737734402e-06	0.00269901422459963	0.00209424083769634
Visa_mpagominimo_lag2	2.75600304877476e-06	0.0028066784565727	0.0031413612565445
mtarjeta_visa_consumo_lag1	2.72353715155937e-06	0.00199593391772532	0.00209424083769634
ctarjeta_debito_transacciones_lag3	2.60427439455998e-06	0.00211804071406902	0.0031413612565445
Master_mfinanciacion_limite	2.36917131455027e-06	0.00114279740120415	0.00209424083769634
mtransferencias_emitidas_lag3	2.34486317575766e-06	0.00278047435597798	0.00628272251308901
Visa_mconsumototal_lag2	2.32492192851598e-06	0.00223223054414082	0.00523560209424084
Visa_mconsumospesos_lag2	2.21800119074378e-06	0.00209960305161052	0.00418848167539267
Master_Fvencimiento	2.10105436838219e-06	0.000542401692841041	0.00209424083769634
Master_mpagospesos_lag1	2.07068613158765e-06	0.00262988926369219	0.0031413612565445
mpayroll_lag2	1.87276344530939e-06	0.00130128725477787	0.00209424083769634
foto_mes_lag3	1.82168118947561e-06	0.000308179913701325	0.00104712041884817
tcallcenter_lag2	1.80209369526994e-06	0.00271136566838251	0.00209424083769634
Master_mconsumosdolares_lag3	1.71453183728088e-06	0.000523370054495742	0.00209424083769634
matm_lag2	1.63841371049133e-06	0.00244334015195954	0.0031413612565445
mextraccion_autoservicio_lag2	1.62906328532082e-06	0.00271572284766165	0.0031413612565445
matm_lag1	1.55717867175568e-06	0.00239833630771505	0.00209424083769634
mcaja_ahorro_dolares_lag1	1.51019225838068e-06	0.000759967737182627	0.00209424083769634
mcaja_ahorro_dolares_lag3	1.49895868264041e-06	0.000460847989918879	0.00104712041884817
mextraccion_autoservicio_lag1	1.49467164815791e-06	0.00141061136457156	0.00209424083769634
cliente_antiguedad_lag2	1.46344006172503e-06	0.00135083542138911	0.00104712041884817
Visa_mconsumototal_lag3	1.4568873746201e-06	0.000380901276553448	0.00104712041884817
Visa_msaldopesos_lag1	1.45178482980701e-06	0.00138616071334128	0.00104712041884817
mtarjeta_master_consumo_lag2	1.43467964576948e-06	0.000317484179818405	0.00104712041884817
aumento_transferencias_recibidas	1.39450668001325e-06	0.00167148882871307	0.00523560209424084
disminuyo_uso_tar_debito	1.33815164359096e-06	0.00305955351955448	0.00732984293193717
mtransferencias_emitidas_lag1	1.23182480238525e-06	0.00231416260156622	0.0031413612565445
Master_mconsumosdolares_lag1	1.21015351336964e-06	0.000584956403634508	0.00209424083769634
mautoservicio_lag1	1.1438296824071e-06	0.00150144085531486	0.00104712041884817
Visa_mconsumototal_lag1	1.11566002407975e-06	0.000763515319191413	0.00209424083769634
aumento_transferencias_emitidas	1.10304655454273e-06	0.00176656565387974	0.00418848167539267
Master_fechaalta_lag2	1.09685747685807e-06	0.00113579580873039	0.00209424083769634
ctarjeta_debito_transacciones_lag2	1.02332267858742e-06	0.00103423813707291	0.00104712041884817
numero_de_cliente_lag3	9.47233114956334e-07	0.00110900586890487	0.00104712041884817
Master_cconsumos_lag1	9.38703486749332e-07	0.00256014591693002	0.00628272251308901
mcuenta_corriente_lag2	9.14939387326562e-07	0.00168154980383662	0.00209424083769634
mcuenta_debitos_automaticos_lag2	9.10171664565401e-07	0.00133288188996162	0.0031413612565445
Master_mconsumototal	8.37231594797903e-07	0.00162641582289273	0.00209424083769634
Visa_fechaalta	8.06786536618682e-07	0.00109715482946497	0.00209424083769634
Master_mpagominimo_lag3	7.32136069992786e-07	0.000357797241888429	0.00104712041884817
recibe_transferencias	7.12269375485831e-07	0.00105052772235178	0.00104712041884817
matm	6.96671991080465e-07	0.00133624639721078	0.0031413612565445
Visa_mconsumospesos	6.45545459695943e-07	0.000424770057288242	0.00104712041884817
Master_mpagospesos	6.41759286480887e-07	0.00109274069359394	0.00104712041884817
chomebanking_transacciones_lag1	6.32504634330046e-07	0.00137018032098978	0.00209424083769634
mpagomiscuentas_lag3	6.06654981819864e-07	0.000633735656255316	0.00209424083769634
numero_de_cliente_lag2	6.00929077492169e-07	0.000641294609663945	0.00209424083769634
mcuentas_saldo_lag3	5.79663286792416e-07	0.00120013641591956	0.0031413612565445
Master_mlimitecompra	5.46222985245728e-07	0.000359318796557335	0.00104712041884817
Master_mconsumospesos_lag3	5.30917191687567e-07	0.00079526048251086	0.00104712041884817
mcuenta_debitos_automaticos_lag3	5.09130623392867e-07	0.000967025290321581	0.0031413612565445
mpagomiscuentas_lag1	4.53433797845694e-07	0.000396938625496836	0.00104712041884817
Master_mlimitecompra_lag1	4.49110606570152e-07	0.000347264340717848	0.00104712041884817
chomebanking_transacciones_lag3	4.4697405163565e-07	0.000438468117636387	0.00104712041884817
matm_lag3	4.4224138231891e-07	0.000881936210374608	0.00104712041884817
Master_mfinanciacion_limite_lag2	4.39012288048203e-07	0.000360156872123631	0.00104712041884817
mtransferencias_emitidas	4.08723799167271e-07	0.00113272015276865	0.00104712041884817
Visa_mconsumosdolares_lag1	3.93624561909777e-07	0.000952118936559893	0.00104712041884817
Visa_fechaalta_lag1	3.73510811717791e-07	0.000681676833309829	0.00104712041884817
disminuyo_transferencias_emitidas	3.29640479034224e-07	0.000774267910073548	0.00209424083769634
Master_mfinanciacion_limite_lag1	3.1593841153465e-07	0.000441759394981695	0.00104712041884817
disminuyo_transferencias_recibidas	2.98644159566974e-07	0.000677055212711227	0.00209424083769634
thomebanking	2.82828583548301e-07	0.000831379098421414	0.00104712041884817
Master_Fvencimiento_lag1	2.63947704475401e-07	0.000436592618432201	0.00104712041884817
Visa_Fvencimiento	2.39631246316249e-07	0.000551111983071329	0.00104712041884817
mactivos_margen_lag2	2.37008297551715e-07	0.000363944485483929	0.00104712041884817
Master_mpagominimo	2.35978277370042e-07	0.000316788495731819	0.00104712041884817
mextraccion_autoservicio	2.20402723926527e-07	0.000564415415604277	0.00104712041884817
thomebanking_lag2	2.13943024918563e-07	0.00064504967640031	0.00104712041884817
Master_cconsumos	1.82136587958337e-07	0.00049611225695117	0.00104712041884817
mrentabilidad_lag2	1.72844126941674e-07	0.000429208603127216	0.00104712041884817
mactivos_margen_lag1	1.63141928272374e-07	0.000616559175474244	0.00104712041884817
Master_mconsumospesos_lag1	1.45499667171759e-07	0.000449513628133927	0.00104712041884817
balance_transferencias	1.40358900474652e-07	0.000580623634323318	0.00104712041884817
mttarjeta_visa_debitos_automaticos_lag1	1.26457522193642e-07	0.000377557110944248	0.00104712041884817
Master_mpagosdolares_lag2	1.23634885031034e-07	0.000296882166868298	0.00104712041884817
Visa_Fvencimiento_lag2	1.1758300019096e-07	0.000299026175719939	0.00104712041884817
mrentabilidad_lag1	1.07289819683584e-07	0.000290706444976857	0.00104712041884817
Master_madelantopesos_lag2	6.36868218785271e-08	0.000270572289745799	0.00104712041884817
Master_madelantodolares_lag1	3.217754339831e-09	0.000256760316213885	0.00104712041884817
Visa_cconsumos	2.55041225927245e-09	0.000293082348524025	0.00104712041884817
