Feature	Gain	Cover	Frequency
Visa_status	0.221949661382393	0.0111654206537587	0.008125
ctrx_quarter	0.0672776491170276	0.00777272392257275	0.00375
mcaja_ahorro	0.0555105344608596	0.00772666717352574	0.00354166666666667
mcaja_ahorro_lag1	0.0526058003292711	0.00740043463618328	0.00520833333333333
mcuenta_corriente	0.048877049090823	0.014400012315097	0.00916666666666667
mtarjeta_visa_consumo	0.0444658698384103	0.00776201534179694	0.00375
cdescubierto_preacordado	0.037069446405773	0.0148547260563411	0.01125
Visa_delinquency_lag1	0.0326226241843497	0.0061732791631733	0.00333333333333333
mcuentas_saldo	0.0270674802682909	0.0180407900220414	0.01
mpayroll	0.0262538753847956	0.0215428602199294	0.00916666666666667
mprestamos_personales	0.0248038970383101	0.0257663276854425	0.0125
ctarjeta_visa_transacciones	0.0226336664605486	0.00513751952444453	0.00208333333333333
mextraccion_autoservicio	0.0151153216559059	0.000874203033378712	0.00125
Visa_delinquency	0.0149019370124548	0.00642343930817739	0.00479166666666667
Visa_Finiciomora	0.0102235669493705	0.00984049267655362	0.00354166666666667
internet	0.00975789882670392	0.00353546864381434	0.00708333333333333
Master_status	0.00736834198057979	0.00403035560063683	0.00375
mcuentas_saldo_lag1	0.0066885942222505	0.00229536389854401	0.0025
mpasivos_margen	0.00640239423854128	0.00449476869505046	0.00729166666666667
mautoservicio	0.00617206174060393	0.0057834687232787	0.00270833333333333
mprestamos_personales_lag1	0.00612200537661741	0.0116969193180688	0.00604166666666667
Visa_msaldototal	0.00596425298793661	0.00498843106128145	0.005625
Visa_mpagospesos	0.00516205359945824	0.00599867935064381	0.00729166666666667
cpayroll_trx_lag1	0.00481084104264624	0.000895080641919483	0.000208333333333333
Visa_msaldopesos	0.00476059216146494	0.00748855590021614	0.00854166666666667
mpayroll_lag1	0.00454721020468766	0.0109851836005362	0.004375
mactivos_margen	0.00428176173383386	0.0115019276092631	0.01125
Visa_mpagominimo	0.00405549792159225	0.0069247367504536	0.00958333333333333
mrentabilidad	0.00383751541134713	0.00908815416301994	0.00979166666666667
mrentabilidad_annual_lag1	0.00372997398047673	0.00976419232020429	0.0125
ccaja_ahorro	0.00359404650048165	0.0150641974892596	0.00354166666666667
Visa_msaldototal_lag1	0.0034371659955225	0.00409901629874976	0.005
thomebanking	0.00342390253794105	0.00364543435872588	0.00833333333333333
mrentabilidad_annual	0.00327278708871134	0.00772284448053806	0.00875
Master_delinquency	0.00307315002833188	0.00225497188333701	0.001875
ccaja_seguridad	0.00307272953261099	0.0107409677030338	0.0025
cdescubierto_preacordado_lag1	0.00295990358872801	0.00992013459581727	0.00645833333333333
Visa_mpagominimo_lag1	0.0027812642053511	0.00846874157882758	0.00854166666666667
Visa_fechaalta	0.00261614260487036	0.00886699928815317	0.00916666666666667
Visa_msaldopesos_lag1	0.00260973248888691	0.00465766559131919	0.00645833333333333
cliente_edad	0.00246448044454441	0.00792044231057453	0.00625
Visa_mpagospesos_lag1	0.00229747003980361	0.00256994024922371	0.00541666666666667
mprestamos_personales_lag3	0.00224639019234482	0.00815920196393539	0.00395833333333333
Visa_fechaalta_lag1	0.00224236104206487	0.00363187909168265	0.00583333333333333
mcuenta_debitos_automaticos	0.00218297967096188	0.00832394319215203	0.00416666666666667
Master_msaldopesos	0.00216659733489741	0.00422294853236249	0.00416666666666667
mtarjeta_master_consumo	0.00215198019548508	0.00311469748369854	0.00104166666666667
Master_Finiciomora	0.00213965673575117	0.00286817445293956	0.000833333333333333
mactivos_margen_lag1	0.0019609924352422	0.00641427263473194	0.00666666666666667
mcomisiones_otras_lag1	0.00190866743118168	0.00548748895762092	0.008125
tcallcenter	0.00190125214763887	0.0036621902863048	0.0025
Visa_Fvencimiento	0.00186446019745242	0.00569181229875439	0.00708333333333333
mcomisiones_otras	0.001833056825219	0.00626960369495708	0.00854166666666667
mrentabilidad_lag1	0.0017903627991447	0.00633316899648349	0.006875
Visa_mfinanciacion_limite_lag1	0.0017873087416421	0.00433197260698757	0.00395833333333333
mcomisiones_lag1	0.00174099188427544	0.00435630976986542	0.00645833333333333
mttarjeta_visa_debitos_automaticos_lag6	0.00171677592307955	0.00528687260914796	0.01
Master_fechaalta	0.00167910451030607	0.00545414320689316	0.00520833333333333
Master_delinquency_lag1	0.00165135719613447	0.00212685725472938	0.00166666666666667
Master_fechaalta_lag1	0.00162682159519971	0.00372152851647234	0.00708333333333333
chomebanking_transacciones_lag1	0.00155021674111355	0.00607408045197506	0.00729166666666667
mpasivos_margen_lag1	0.00151090806695693	0.00448223296554364	0.00729166666666667
Visa_mfinanciacion_limite	0.00147562884773787	0.00335661655787451	0.00375
mcomisiones_otras_lag6	0.0014450697284073	0.00438992014213352	0.00854166666666667
cmobile_app_trx_lag3	0.00142190692199747	0.0057999359728136	0.00458333333333333
mrentabilidad_annual_lag6	0.00142160194370213	0.0042160546257398	0.0075
mrentabilidad_lag6	0.00139028915835724	0.0047570533179034	0.008125
mcuenta_corriente_lag1	0.00137018950022947	0.00417072644508961	0.00395833333333333
mcomisiones	0.00134231441185117	0.00306721796429172	0.00604166666666667
thomebanking_lag1	0.00132868270123278	0.00228910577094686	0.00583333333333333
Master_fechaalta_lag3	0.00130009739984793	0.00398180613959066	0.00708333333333333
chomebanking_transacciones_lag6	0.00128576280689397	0.00470087336300318	0.00729166666666667
Visa_mlimitecompra	0.0012822387025348	0.00393784688855398	0.00375
Master_msaldototal	0.00127762379495311	0.0023950299932421	0.00354166666666667
cliente_edad_lag1	0.00123793355287085	0.00528595387981739	0.00375
mplazo_fijo_dolares	0.00118902776159146	0.00537048385151689	0.00125
mpagomiscuentas	0.00116925322206316	0.00509294511424261	0.00208333333333333
ctarjeta_visa_debitos_automaticos	0.00115120630150092	0.00313726133859168	0.00604166666666667
ctrx_quarter_lag1	0.00113556386539589	0.00652429219038978	0.00333333333333333
tmobile_app_lag6	0.00113506236155042	0.00309658408198404	0.00958333333333333
ccajas_transacciones_lag1	0.00111773171787487	0.0040985901549705	0.00479166666666667
ccomisiones_otras	0.00111418546612736	0.00625824787967781	0.005
mrentabilidad_lag3	0.00111265862867564	0.00318866435919204	0.00520833333333333
mcomisiones_lag3	0.0011093372483784	0.0028471295944209	0.00604166666666667
ccajas_transacciones	0.00110455702614197	0.00382432997548188	0.00375
Master_Fvencimiento	0.00107346936082257	0.00208098379332937	0.005625
Visa_cconsumos_lag3	0.0010730326069477	0.00294540270300181	0.00458333333333333
Visa_mpagominimo_lag6	0.00107134769772642	0.0027339219792531	0.00520833333333333
Visa_mconsumospesos_lag1	0.00106956496823293	0.0028279199034678	0.00520833333333333
internet_lag1	0.00106689780068772	0.00316687374905966	0.00416666666666667
mcomisiones_otras_lag3	0.0010544423970002	0.00257195641334067	0.00520833333333333
chomebanking_transacciones	0.00105363003971622	0.00231300877121087	0.00395833333333333
Visa_fechaalta_lag3	0.00105253429156458	0.00304808158839742	0.00416666666666667
Master_Fvencimiento_lag3	0.00104264627843591	0.00392915561744294	0.005625
ccaja_seguridad_lag1	0.00103563434712505	0.00136677942030124	0.000416666666666667
Master_mlimitecompra	0.00102050057789785	0.00169367866645966	0.00333333333333333
Visa_mconsumosdolares_lag1	0.00100718474967625	0.00280850859610301	0.00541666666666667
Visa_Fvencimiento_lag1	0.000999443946604585	0.00380755228249487	0.005
Master_Fvencimiento_lag6	0.000995424974325479	0.00336089632443189	0.00604166666666667
tmobile_app	0.000967400653690724	0.00227507624711702	0.00375
Master_fechaalta_lag6	0.000963513654358476	0.00250786186873356	0.00479166666666667
mcaja_ahorro_lag6	0.000955482889411863	0.00318051034999625	0.00395833333333333
Visa_mconsumosdolares_lag6	0.000949368414450923	0.00265644170867622	0.00458333333333333
mrentabilidad_annual_lag3	0.000948888620912495	0.00201707482746484	0.004375
ctrx_quarter_lag3	0.000939439336246089	0.00301405881892357	0.00291666666666667
ctarjeta_visa_debitos_automaticos_lag1	0.000937270833873048	0.00221002631564993	0.00375
mcuenta_corriente_lag3	0.00093229417329553	0.00491830864418371	0.003125
Visa_mpagominimo_lag3	0.000921843647699925	0.00220260545704213	0.00375
mactivos_margen_lag3	0.000916044188211827	0.00309870907314142	0.005625
chomebanking_transacciones_lag3	0.000909902239249971	0.00265309098137956	0.004375
Visa_mconsumospesos_lag3	0.000898942776545255	0.00263005286969981	0.00458333333333333
Visa_Finiciomora_lag1	0.000887810222934043	0.00318584402052387	0.00125
mttarjeta_visa_debitos_automaticos_lag1	0.00087982879195302	0.0026852694189055	0.00354166666666667
Visa_Fvencimiento_lag3	0.000869103334409361	0.00251226306335708	0.004375
Visa_cconsumos	0.000859836340191665	0.00307407750448058	0.00354166666666667
Visa_mlimitecompra_lag1	0.000854282470363407	0.00255053466959788	0.00416666666666667
mcomisiones_lag6	0.000846800967563381	0.00258809832730216	0.005625
Visa_mfinanciacion_limite_lag3	0.000842158918919018	0.0017400034736904	0.00270833333333333
Master_msaldototal_lag1	0.000840620555712035	0.00300026069574806	0.00395833333333333
cmobile_app_trx_lag6	0.000836374324685763	0.00280484857090204	0.00541666666666667
mttarjeta_visa_debitos_automaticos_lag3	0.000828608422195235	0.00259833608793474	0.00458333333333333
foto_mes_lag3	0.000824823328339626	0.00172396122238697	0.00208333333333333
Visa_mpagospesos_lag6	0.000819124239712481	0.00325166948784731	0.00479166666666667
mpasivos_margen_lag6	0.000812520188860924	0.00274461223126421	0.00520833333333333
mcuentas_saldo_lag3	0.000806468150350818	0.00270982079922077	0.00291666666666667
Master_mlimitecompra_lag3	0.000792545572364347	0.0036427446125062	0.00416666666666667
Visa_mpagosdolares	0.000772989949829832	0.00264360813674304	0.00291666666666667
Visa_mconsumototal	0.000768263773850308	0.00102453785254137	0.00291666666666667
ctarjeta_visa_debitos_automaticos_lag3	0.000761594275642321	0.00175984665257343	0.005
Master_mfinanciacion_limite_lag1	0.000736713150739162	0.0021492790616961	0.00291666666666667
Master_Fvencimiento_lag1	0.000736486603354781	0.00266089788959384	0.004375
Visa_mpagospesos_lag3	0.000736244044170173	0.00247447487828523	0.00479166666666667
Master_mpagominimo_lag1	0.000734322177757315	0.00188197350286323	0.00208333333333333
cproductos	0.000733655944409931	0.00733676623535544	0.001875
mtransferencias_recibidas	0.000733331541755804	0.0046425122851037	0.001875
Visa_mconsumospesos	0.000731017595492692	0.00336373728296035	0.00479166666666667
Master_mfinanciacion_limite	0.000724386742846425	0.00190388897770512	0.00375
mactivos_margen_lag6	0.000720719526701866	0.00162530550084295	0.00416666666666667
mtransferencias_emitidas_lag1	0.000719952787117803	0.00433919184918368	0.00208333333333333
Visa_mconsumosdolares_lag3	0.00071029832124982	0.00197047165212022	0.00333333333333333
mcaja_ahorro_dolares_lag1	0.000702395351023514	0.00429050377685447	0.0025
cliente_antiguedad_lag1	0.000700026133272215	0.00341139665337079	0.00270833333333333
Visa_cconsumos_lag6	0.0006937063632947	0.00172483871199697	0.00333333333333333
Visa_msaldopesos_lag3	0.00069138568851633	0.00178320666318322	0.00333333333333333
Master_mpagospesos	0.000681515536040562	0.00264066637000874	0.001875
cpayroll_trx	0.000675420150035781	0.00537048385151689	0.00125
Visa_Fvencimiento_lag6	0.000674006667169188	0.0024052482795622	0.00291666666666667
Master_fultimo_cierre	0.000665588635048309	0.00133378306165058	0.00229166666666667
cmobile_app_trx_lag1	0.000652474425159299	0.00198894475584195	0.00291666666666667
Visa_msaldopesos_lag6	0.00064985942677401	0.00157736890786643	0.00291666666666667
Master_mlimitecompra_lag1	0.000633968506655846	0.00191417256024945	0.00270833333333333
cmobile_app_trx	0.000632957875976543	0.00193057451356011	0.00520833333333333
Visa_mconsumototal_lag1	0.000629645912213888	0.00238742355589172	0.00354166666666667
Visa_mconsumototal_lag6	0.000628032551523535	0.0015998376822927	0.004375
mttarjeta_visa_debitos_automaticos	0.000627677125992979	0.00172824557113553	0.003125
numero_de_cliente_lag6	0.000624507047059625	0.00168986742894991	0.0025
thomebanking_lag3	0.000620683160441902	0.00185744388795604	0.003125
Visa_fultimo_cierre_lag1	0.000619593687018036	0.00172220395207138	0.00145833333333333
Visa_mconsumospesos_lag6	0.000618742876665159	0.00141922718048948	0.00291666666666667
mcaja_ahorro_lag3	0.000615103818903206	0.00144712585145804	0.00166666666666667
Master_mfinanciacion_limite_lag3	0.00060987093235381	0.00181438847412861	0.00291666666666667
mcuenta_debitos_automaticos_lag6	0.000608417999984885	0.00464197158654506	0.00229166666666667
Visa_mconsumototal_lag3	0.000604968510789197	0.00185524214509648	0.00375
mcomisiones_mantenimiento	0.000601883427719024	0.00532152657545616	0.00208333333333333
mautoservicio_lag1	0.000599651156855991	0.00512395394747115	0.00229166666666667
mtransferencias_emitidas_lag6	0.000594956154253748	0.00346124058342387	0.0025
Master_mpagominimo	0.000585184772175664	0.00224930371285363	0.00291666666666667
Master_mlimitecompra_lag6	0.00058485237246284	0.00166846172287623	0.00333333333333333
Master_mconsumospesos_lag1	0.000582760040581065	0.00296044489108131	0.00291666666666667
ccomisiones_otras_lag3	0.000565455549753369	0.00239217643368792	0.00395833333333333
Visa_madelantodolares_lag3	0.000564128426041907	0.000180782333972273	0.000625
cliente_antiguedad_lag3	0.000561318414503741	0.00221733491057394	0.0025
Master_msaldototal_lag3	0.000551542997337398	0.00189864122326203	0.00291666666666667
thomebanking_lag6	0.000550312004368685	0.00181425788168012	0.00270833333333333
Visa_mconsumosdolares	0.000549616546640193	0.00125865230959865	0.003125
Master_msaldototal_lag6	0.000545192569057039	0.00176471981288796	0.00270833333333333
numero_de_cliente	0.000545085195535154	0.00131499607783337	0.0025
Visa_msaldototal_lag6	0.000541985023434517	0.00113486670610352	0.0025
Master_mconsumospesos_lag3	0.000531505440816375	0.00130692683917432	0.00208333333333333
Master_mconsumosdolares_lag6	0.000527046560034588	0.00127331761245401	0.003125
mpasivos_margen_lag3	0.000521972966753983	0.00146790494288855	0.00333333333333333
Visa_mfinanciacion_limite_lag6	0.000514507172404081	0.00121513753110593	0.00229166666666667
Master_mpagospesos_lag3	0.000507623271047275	0.00169975579750541	0.00229166666666667
mcuentas_saldo_lag6	0.000505787637724774	0.00130645258238771	0.00208333333333333
Visa_mlimitecompra_lag6	0.000501639558463557	0.00230686634394088	0.00229166666666667
ctarjeta_visa_transacciones_lag3	0.000498145717164783	0.00156145381236811	0.00145833333333333
Master_mfinanciacion_limite_lag6	0.000494550052393038	0.00232090503215307	0.0025
cliente_edad_lag6	0.000492165764703153	0.00194486178564354	0.001875
ctrx_quarter_lag6	0.000491747439769163	0.00189331900821235	0.00166666666666667
tmobile_app_lag3	0.000489157904767003	0.00133315186481623	0.00166666666666667
Visa_delinquency_lag3	0.000483384411748656	0.000378971266670308	0.000416666666666667
ccajas_transacciones_lag3	0.000482941338869115	0.00153359638112013	0.00208333333333333
tmobile_app_lag1	0.00047926131400381	0.00100405660353723	0.00125
Master_msaldopesos_lag1	0.000471486918573576	0.00385527351248617	0.0025
Visa_msaldototal_lag3	0.000464819531033389	0.00195796570685605	0.00291666666666667
ccomisiones_otras_lag6	0.000452775761592918	0.00148229875091679	0.00291666666666667
cliente_antiguedad	0.000451997496305956	0.00196118469615643	0.00208333333333333
Visa_cconsumos_lag1	0.000449243014707167	0.00224828875750838	0.00229166666666667
ctarjeta_visa_debitos_automaticos_lag6	0.000447246643061444	0.00100873731182242	0.00270833333333333
tcallcenter_lag1	0.00044503486306187	0.00206503318584944	0.00166666666666667
cplazo_fijo	0.000435589306185765	0.00358032256767793	0.000833333333333333
Master_mconsumospesos_lag6	0.000432808437177369	0.00133286776896339	0.00208333333333333
numero_de_cliente_lag3	0.000431360989457528	0.00173077837730747	0.00229166666666667
mextraccion_autoservicio_lag6	0.000425657195800077	0.00216725728877093	0.0025
numero_de_cliente_lag1	0.000417722707984188	0.0014527069603091	0.001875
Visa_fechaalta_lag6	0.000412434788087291	0.00137628632144143	0.00208333333333333
ccomisiones_otras_lag1	0.000406371446171189	0.000971705188294441	0.00208333333333333
cdescubierto_preacordado_lag3	0.000406023819062579	0.00130813195545333	0.000833333333333333
mcaja_ahorro_dolares	0.000403319507663695	0.00363334195621524	0.00166666666666667
Visa_mpagosdolares_lag3	0.000401838691407069	0.000766837711958947	0.00145833333333333
Master_mpagospesos_lag6	0.000399189830939693	0.00324222902847917	0.00166666666666667
active_quarter_lag1	0.000397411027060835	0.000640974084765993	0.000833333333333333
Visa_mpagado_lag1	0.000389364102009217	0.00111428464889354	0.00104166666666667
Master_mpagominimo_lag3	0.000388846762545258	0.00240196399403757	0.00208333333333333
Master_msaldopesos_lag6	0.000386307017428776	0.00132034807712569	0.00229166666666667
mtransferencias_recibidas_lag1	0.000384734018284034	0.00536320045864435	0.00145833333333333
mextraccion_autoservicio_lag1	0.00036944776590076	0.00291154832905364	0.00125
Visa_msaldodolares	0.000363667132622418	0.00080352273450543	0.000833333333333333
Master_mpagosdolares_lag6	0.000358670822848817	0.000842275470819599	0.001875
mextraccion_autoservicio_lag3	0.000343824730818499	0.00164534342285092	0.00125
cseguro_accidentes_personales_lag1	0.00034026941652314	0.00208938982303977	0.00166666666666667
Master_cconsumos	0.000338546598148312	0.00158425937784573	0.00145833333333333
Visa_mpagado_lag3	0.000338269619307447	0.00208744124624264	0.00145833333333333
Visa_fultimo_cierre_lag3	0.000336602344886245	0.00135774219375649	0.001875
active_quarter	0.000334178617443071	0.00153168904404356	0.00125
mcaja_ahorro_dolares_lag6	0.000332934031871214	0.00115862193070215	0.00166666666666667
mautoservicio_lag6	0.000332180850871784	0.000705886550497833	0.001875
Visa_mlimitecompra_lag3	0.000331410360040372	0.00156917022230669	0.001875
Master_msaldopesos_lag3	0.000330172082099309	0.00156678862844352	0.00208333333333333
cprestamos_personales_lag1	0.000323993376305093	0.00525297012219246	0.00125
matm_lag6	0.000323637208019325	0.000735579149311374	0.00125
Master_cconsumos_lag1	0.000322026084429674	0.00155068566310702	0.00166666666666667
mcaja_ahorro_dolares_lag3	0.000312938052581148	0.00138014223531513	0.00125
cliente_antiguedad_lag6	0.000312788890599042	0.00112228973687614	0.00166666666666667
mautoservicio_lag3	0.000308772659222742	0.00118490652482934	0.00166666666666667
mcomisiones_mantenimiento_lag1	0.000302894289554584	0.00233513044465564	0.00104166666666667
ctarjeta_visa	0.000302376192914956	0.000806275485853768	0.000416666666666667
Master_mconsumototal_lag6	0.000301426806739044	0.000996959934955063	0.00166666666666667
Visa_msaldodolares_lag3	0.000298418723285774	0.000980787091203151	0.00104166666666667
mtransferencias_emitidas	0.000297144449440847	0.00132904965816688	0.00104166666666667
Master_cconsumos_lag3	0.000288281480748382	0.00118488475942126	0.00125
Master_mpagosdolares_lag1	0.000286090527141828	0.000629526625663227	0.00104166666666667
mpayroll_lag3	0.000278573358585216	0.00189108175337119	0.00104166666666667
Master_mconsumospesos	0.000275755647943479	0.00143061392555918	0.00104166666666667
ctarjeta_debito_transacciones	0.000272648179496608	0.00373237685407898	0.00125
Master_mconsumosdolares	0.000269393776723947	0.000599145552625653	0.00104166666666667
Master_mconsumototal_lag3	0.000266828966005598	0.000794310239148235	0.00125
Master_madelantopesos	0.000259591613667562	0.00025420507426375	0.000625
matm	0.000254244519060181	0.000646661729561874	0.00145833333333333
Master_mpagominimo_lag6	0.000254007016836173	0.000983852577099178	0.001875
mprestamos_prendarios	0.00025325887015113	0.000895080641919483	0.000208333333333333
mtarjeta_visa_consumo_lag1	0.000249326048539807	0.00229722770480442	0.00166666666666667
Master_mpagosdolares	0.000248811886857644	0.000716243448100967	0.00145833333333333
mtransferencias_recibidas_lag6	0.000247560765771113	0.000890295688785063	0.00166666666666667
Visa_fultimo_cierre	0.000234422494025452	0.000765363391948414	0.00104166666666667
Master_cconsumos_lag6	0.000229998371831493	0.00088863120784077	0.00104166666666667
mtransferencias_emitidas_lag3	0.000228162835021979	0.00143984589522887	0.00125
mpagomiscuentas_lag3	0.000227429616000427	0.000598363143482534	0.00104166666666667
Master_mpagospesos_lag1	0.000214755951145361	0.00117034432127541	0.000833333333333333
Master_mpagosdolares_lag3	0.000214226262893655	0.00039126757668823	0.000833333333333333
Master_cadelantosefectivo_lag3	0.000209282022758495	0.000377621811369291	0.000833333333333333
ctarjeta_visa_transacciones_lag6	0.000206983822367615	0.000347073488353832	0.000833333333333333
Master_mconsumototal_lag1	0.000206872377807875	0.00095931723445302	0.00104166666666667
ccajas_consultas	0.000196906376397629	0.00268524192575845	0.000625
mpagomiscuentas_lag6	0.000196075007667462	0.00117895082184972	0.00125
mcheques_emitidos_lag1	0.000195266730357962	0.00447540320959741	0.00104166666666667
mpagomiscuentas_lag1	0.000192056563867726	0.0015401260035444	0.00104166666666667
Master_fultimo_cierre_lag6	0.000191489931617728	0.000969477097835632	0.00104166666666667
mttarjeta_master_debitos_automaticos_lag6	0.000189440946011998	0.00263429826982338	0.000833333333333333
Master_Finiciomora_lag1	0.000186464429959828	0.00151455279459712	0.000416666666666667
Master_mconsumosdolares_lag1	0.000185876601665598	0.000391756725596154	0.000625
Master_madelantopesos_lag3	0.000176211067384177	0.000221057503304313	0.000833333333333333
Master_mpagado_lag6	0.000174706187239847	0.000644792195562503	0.000833333333333333
matm_lag3	0.000171146033357079	0.000462532104936316	0.000833333333333333
matm_other_lag1	0.000166926735750291	0.00275555221269435	0.000833333333333333
Master_fultimo_cierre_lag3	0.000160894922810351	0.000374628494984269	0.000833333333333333
mplazo_fijo_dolares_lag1	0.000160719524528803	0.000882122205276783	0.000208333333333333
mcomisiones_mantenimiento_lag3	0.000158406590084331	0.000416450153837847	0.000416666666666667
cseguro_accidentes_personales	0.000156914827277302	0.00189580942911592	0.000833333333333333
ccajas_transacciones_lag6	0.000153032277418416	0.000491126123415667	0.000833333333333333
ccajas_depositos	0.000152796035359763	0.00268524192575845	0.000625
Master_mconsumototal	0.000152463739027415	0.000677238691272176	0.00104166666666667
mtarjeta_master_consumo_lag6	0.000152072822105968	0.000119981239272138	0.000416666666666667
cliente_edad_lag3	0.000148445781664302	0.00112991450299122	0.000833333333333333
mcuenta_debitos_automaticos_lag1	0.000147522901511353	0.00228079253060774	0.000833333333333333
Master_madelantodolares	0.000145469815620638	0.000308104243506648	0.00104166666666667
Visa_mpagado	0.000145462584268024	0.00181720766724898	0.000833333333333333
Master_msaldodolares_lag3	0.000144360017879466	0.000636551124734393	0.000833333333333333
ctarjeta_debito_transacciones_lag3	0.000143754886658825	0.00093418277031074	0.000625
mpayroll_lag6	0.000142827279844882	0.000630632079284178	0.000833333333333333
mtarjeta_visa_consumo_lag3	0.000142702610708368	0.000493237367999516	0.000625
Master_status_lag1	0.000142196784864144	0.000237412489155428	0.000208333333333333
Visa_mpagosdolares_lag6	0.000141697037548205	0.00145942903476272	0.000833333333333333
Visa_madelantopesos	0.000141071535702302	0.000227842582886589	0.000625
mcuenta_corriente_lag6	0.000132184025419029	0.000567437935242937	0.000833333333333333
foto_mes_lag1	0.000129282916589303	0.00047302417717911	0.000416666666666667
Visa_msaldodolares_lag1	0.000125594840639354	0.001604278971089	0.000625
Master_fultimo_cierre_lag1	0.000125404009622802	0.00166797944725507	0.000833333333333333
tcallcenter_lag6	0.000119687099338918	0.000608904474280458	0.000416666666666667
mcuenta_debitos_automaticos_lag3	0.00011962199198036	0.0011034340201913	0.000625
ccaja_ahorro_lag1	0.000117713808552399	0.00347645574922022	0.000833333333333333
ctarjeta_master	0.00011415358480149	0.000222012890164285	0.000208333333333333
mtarjeta_visa_consumo_lag6	0.000113710847451512	0.000274800878047263	0.000833333333333333
Master_delinquency_lag6	0.000111958191318289	0.00019302480324389	0.000208333333333333
Master_cadelantosefectivo	0.000108361538643525	0.00032319683568907	0.000625
cplazo_fijo_lag1	0.000107213299613546	0.000895080641919483	0.000208333333333333
ccheques_depositados	0.000105690086393933	0.00179016128383897	0.000416666666666667
foto_mes	9.7575626472059e-05	0.000230531183558479	0.000416666666666667
cproductos_lag1	9.66958630864352e-05	0.000304396105298336	0.000208333333333333
Visa_fultimo_cierre_lag6	9.08515263117209e-05	0.000517392388778155	0.000416666666666667
Visa_Finiciomora_lag3	8.9165375712301e-05	0.00151026730030077	0.000416666666666667
ccajas_depositos_lag1	8.89413703274015e-05	0.000895080641919483	0.000208333333333333
ccaja_ahorro_lag3	8.7728259540736e-05	0.00268524192575845	0.000625
mcheques_depositados	8.77151682008832e-05	0.000895080641919483	0.000208333333333333
Master_delinquency_lag3	8.67993496047176e-05	0.000157646850730056	0.000208333333333333
cpagomiscuentas	8.60434933054162e-05	9.64310677285899e-05	0.000208333333333333
mtarjeta_master_consumo_lag1	8.38354910599886e-05	0.00103229664774832	0.000625
Visa_cadelantosefectivo_lag6	8.31199763004497e-05	0.000644422183625128	0.000416666666666667
ccallcenter_transacciones	8.27755166152758e-05	0.00179016128383897	0.000416666666666667
Master_madelantodolares_lag6	7.82111771861252e-05	0.000244815018998526	0.000833333333333333
Master_msaldodolares_lag6	7.66751992195985e-05	0.00039351743255512	0.000416666666666667
mprestamos_personales_lag6	7.55295176885559e-05	0.000454995546001351	0.000416666666666667
Visa_madelantodolares	7.52556751960523e-05	0.000136577935707732	0.000416666666666667
foto_mes_lag6	7.32903932483236e-05	0.000670197008984104	0.000416666666666667
Master_mconsumosdolares_lag3	7.32571941011586e-05	0.000938440771460043	0.000625
mcomisiones_mantenimiento_lag6	7.06724112496787e-05	0.000402200684831611	0.000208333333333333
Visa_madelantodolares_lag1	6.97399802843117e-05	5.97689561379819e-05	0.000208333333333333
Master_madelantopesos_lag6	6.83477625176722e-05	0.000223613220432129	0.000833333333333333
cprestamos_prendarios_lag1	6.80129178261161e-05	0.000895080641919483	0.000208333333333333
cproductos_lag6	6.76223874136009e-05	0.000943459416344384	0.000416666666666667
mttarjeta_master_debitos_automaticos_lag3	6.75292613055797e-05	0.000361632255264376	0.000208333333333333
Visa_cadelantosefectivo	6.41430514721189e-05	0.000152690065426576	0.000416666666666667
cprestamos_personales_lag3	6.11402844969423e-05	0.000895080641919483	0.000208333333333333
Master_cadelantosefectivo_lag1	5.82059773324714e-05	0.000176802700936847	0.000625
mprestamos_prendarios_lag1	5.80519176749085e-05	0.000895080641919483	0.000208333333333333
mcheques_depositados_lag1	5.5113608122093e-05	0.00179016128383897	0.000416666666666667
tcallcenter_lag3	5.40442940942258e-05	0.000136231980274024	0.000208333333333333
Visa_cadelantosefectivo_lag1	5.36026819462888e-05	4.69892249511046e-05	0.000208333333333333
Master_madelantodolares_lag1	5.31982363997908e-05	0.000140444159511578	0.000416666666666667
Visa_delinquency_lag6	5.31124188243075e-05	0.000179653969395447	0.000208333333333333
Visa_mpagosdolares_lag1	5.07134559812987e-05	0.000271506282592489	0.000416666666666667
Master_status_lag6	4.73549135255442e-05	0.000334105887328783	0.000208333333333333
ctarjeta_visa_transacciones_lag1	4.55662273668075e-05	7.34032659789836e-05	0.000208333333333333
Master_madelantopesos_lag1	4.01393543606219e-05	0.000107589848787336	0.000416666666666667
internet_lag6	3.80628309582146e-05	9.43564806741408e-05	0.000208333333333333
ctarjeta_debito_transacciones_lag6	3.80015062283242e-05	0.000218368902632423	0.000208333333333333
cprestamos_personales_lag6	3.71720121578757e-05	0.000895080641919483	0.000208333333333333
Visa_msaldodolares_lag6	3.66073995846115e-05	0.000110462882654017	0.000208333333333333
Master_cadelantosefectivo_lag6	3.65233417113822e-05	0.000118423294272662	0.000416666666666667
matm_other_lag6	3.61246399760273e-05	0.000138221796791737	0.000208333333333333
cseguro_vida_lag1	3.23375234986624e-05	0.000753463441467123	0.000208333333333333
mttarjeta_master_debitos_automaticos_lag1	3.1125671963379e-05	0.00086670427752094	0.000208333333333333
catm_trx_lag6	3.09190669953201e-05	0.00037830570340215	0.000208333333333333
ctransferencias_recibidas_lag6	3.06577926440306e-05	0.000895080641919483	0.000208333333333333
mtransferencias_recibidas_lag3	2.97228756727092e-05	0.000494650973976981	0.000208333333333333
cseguro_vida	2.96860470380927e-05	0.00085012705539784	0.000208333333333333
ctarjeta_master_transacciones_lag1	2.83784534015943e-05	0.000895080641919483	0.000208333333333333
ctarjeta_master_transacciones_lag3	2.79791163536066e-05	0.000848249502563913	0.000208333333333333
Master_msaldodolares	2.74102921937842e-05	4.82344354028916e-05	0.000208333333333333
Master_msaldodolares_lag1	2.66391542696452e-05	0.000158684717031177	0.000208333333333333
cseguro_vivienda	2.62974665623525e-05	0.000895080641919483	0.000208333333333333
matm_other_lag3	2.54849959457501e-05	0.000895080641919483	0.000208333333333333
ccheques_depositados_lag1	2.46949237553451e-05	0.000895080641919483	0.000208333333333333
active_quarter_lag3	2.30211316927156e-05	0.000284126782636037	0.000208333333333333
matm_lag1	1.90181307832357e-05	0.0001297115222321	0.000208333333333333
Master_madelantodolares_lag3	1.60263656030379e-05	6.21826253393758e-05	0.000208333333333333
Master_mpagado	8.69508042367599e-06	4.69995348812482e-05	0.000208333333333333
Visa_cadelantosefectivo_lag3	3.7485346398564e-06	4.68322849033632e-05	0.000208333333333333
