Feature	Gain	Cover	Frequency
cdescubierto_preacordado	0.134339385059578	0.00491507306576111	0.0056390977443609
ctrx_quarter	0.100603949807472	0.0248589467373705	0.00778732545649839
Visa_Finiciomora_lag1	0.0719858284935159	0.00711024045135528	0.00214822771213749
internet	0.0641418228729382	0.0019902785164941	0.00456498388829216
mcaja_ahorro	0.0597921685589154	0.0355968103487261	0.0075187969924812
mcaja_ahorro_lag1	0.0551645920361314	0.0104501267119295	0.00268528464017186
mtarjeta_visa_consumo	0.0520893826801354	0.0439319787731027	0.0104726100966702
mcuenta_corriente	0.0520507290841904	0.018690061877606	0.0139634801288937
Visa_status	0.0349202170561334	0.0251838002043364	0.0110096670247046
ctarjeta_visa	0.0313182043598243	0.00402027642427516	0.00107411385606874
mpayroll	0.0284822872130937	0.0561047084037449	0.0177228786251343
mprestamos_personales	0.0263570897202193	0.0297809195428453	0.0163802363050483
mcuentas_saldo	0.0243070310858965	0.033225285856773	0.0190655209452202
mcuentas_saldo_lag1	0.0211220070480578	0.00494878941268311	0.00644468313641246
Visa_delinquency	0.0163444946114069	0.0179534085943381	0.00993555316863588
Visa_msaldopesos	0.0127102533522134	0.0193607869894271	0.0093984962406015
cdescubierto_preacordado_lag3	0.012255377522245	0.00152201999271348	0.000805585392051558
ctarjeta_visa_transacciones	0.0117721336874567	0.0332025073876789	0.00966702470461869
active_quarter	0.011194268271149	0.00316322223164622	0.00214822771213749
Master_status	0.0103883436701029	0.00890283074294246	0.00725026852846402
Visa_msaldototal	0.0101185058691177	0.0111683014511146	0.00832438238453276
Visa_fultimo_cierre	0.00979774219719195	0.000100237300193295	0.000268528464017186
mprestamos_personales_lag1	0.00845208171470996	0.00692714910274632	0.0093984962406015
Visa_mpagospesos	0.00808997936114361	0.0127998837738394	0.00993555316863588
Visa_Finiciomora	0.00793515788177514	0.0161641222339352	0.0037593984962406
mautoservicio	0.00743044196916263	0.0137845365109777	0.00966702470461869
mextraccion_autoservicio	0.00705061685714876	0.00475248835742645	0.00483351235230935
Visa_mconsumospesos	0.00566046296972833	0.00174457195475707	0.00510204081632653
Master_Finiciomora	0.00466089035453383	0.00696846930586395	0.00161117078410312
Master_delinquency	0.00440617573702177	0.00883817238839895	0.00456498388829216
cpayroll_trx	0.00430230106369399	0.00705340561327738	0.000805585392051558
mpayroll_lag1	0.00367286167502202	0.0158586199340425	0.00725026852846402
ctarjeta_debito_transacciones	0.00251266929214048	0.0080699873247298	0.00214822771213749
ccaja_ahorro	0.00228328141763541	0.00819630702520154	0.00107411385606874
mrentabilidad	0.00212586880702087	0.0030172564777114	0.00537056928034372
mcuenta_debitos_automaticos	0.00204541113741321	0.008819432057419	0.0056390977443609
mprestamos_personales_lag3	0.00195589113756753	0.00784703816877333	0.00456498388829216
Visa_fechaalta	0.00194143198989222	0.0084090314469464	0.00859291084854995
tcallcenter	0.00184241424680711	0.00710298564435581	0.00537056928034372
cproductos	0.00175156917520588	0.00446699921446178	0.000805585392051558
Visa_msaldopesos_lag1	0.00173415467249273	0.00980409683073651	0.00671321160042965
Visa_mpagado_lag1	0.00172234389126943	0.000463796110350423	0.000805585392051558
mactivos_margen	0.00170696313628289	0.00710605487004617	0.00671321160042965
Visa_mpagominimo_lag1	0.00157613386316927	0.00773269145753878	0.00778732545649839
Visa_mpagominimo	0.0015323216320081	0.0116310323596077	0.00993555316863588
Master_msaldototal	0.00143296424075883	0.00414385187589434	0.00698174006444683
mplazo_fijo_dolares	0.00140216398466051	0.00917338599659219	0.00134264232008593
Master_fechaalta	0.00119954361098769	0.00768129998149407	0.0110096670247046
mtarjeta_master_consumo	0.00118621835201813	0.00446615066382974	0.00322234156820623
thomebanking	0.00112508284092203	0.00232451418512914	0.00483351235230935
ccaja_seguridad	0.00108731192534775	0.00470227040885158	0.000537056928034372
Visa_mfinanciacion_limite_lag1	0.00105713975708063	0.0018450108609516	0.0037593984962406
Visa_msaldototal_lag1	0.00105567789876597	0.00486954019993123	0.00537056928034372
Master_mpagominimo_lag1	0.000947501321758472	0.00658611299287578	0.00617615467239527
cmobile_app_trx_lag3	0.000910737767828559	0.00225456292079216	0.00698174006444683
mrentabilidad_annual_lag1	0.000903048562242526	0.0047689959771689	0.0037593984962406
mpagomiscuentas	0.000892915946163397	0.00537223122329494	0.00295381310418904
cliente_edad	0.000862620270052847	0.00498351679865606	0.00483351235230935
Visa_fechaalta_lag1	0.000785379033752948	0.00660658051556775	0.00725026852846402
Master_msaldopesos	0.000778889561767699	0.00393893893443591	0.0056390977443609
Visa_mfinanciacion_limite_lag3	0.000767614869250232	0.0020615236700927	0.00268528464017186
Visa_fechaalta_lag3	0.000748359371146161	0.00318183919178959	0.00483351235230935
mcuenta_corriente_lag1	0.000721383896069137	0.00430309955355194	0.00456498388829216
Master_mlimitecompra	0.000716760292671726	0.00309556987753221	0.00590762620837809
cliente_edad_lag1	0.000686758035931374	0.00371413620688606	0.00402792696025779
Master_mpagominimo	0.000678722886105926	0.0035772758224993	0.00402792696025779
Visa_mfinanciacion_limite	0.000661474243298505	0.00178126424698081	0.0037593984962406
mactivos_margen_lag1	0.000649451083363894	0.00222538120437541	0.00295381310418904
cdescubierto_preacordado_lag1	0.000637327402269876	0.00169220554819896	0.00268528464017186
internet_lag1	0.000611862788714849	0.00138419671399249	0.00295381310418904
Master_mpagospesos	0.000594711873851167	0.00180722327642268	0.00241675617615467
Visa_mconsumospesos_lag1	0.000567037845900721	0.00308084060326329	0.00644468313641246
Visa_cadelantosefectivo_lag1	0.000563760947910566	0.000277530219483308	0.000805585392051558
mcomisiones_mantenimiento	0.000556283140347315	0.00422313418813897	0.00214822771213749
mautoservicio_lag1	0.000546635411180964	0.00329574056439456	0.0056390977443609
Master_mfinanciacion_limite	0.000541189272423701	0.00179360433968292	0.00429645542427497
tmobile_app_lag6	0.000528882029546092	0.00506234775418152	0.0190655209452202
tmobile_app_lag1	0.000506598431509882	0.00340717452026806	0.00429645542427497
Visa_mpagospesos_lag1	0.00049883817683404	0.00170014641741156	0.00456498388829216
Master_mpagospesos_lag1	0.000459713504607619	0.001380763393882	0.0018796992481203
Visa_mconsumosdolares_lag1	0.000458773849736275	0.00147169672757081	0.00456498388829216
Visa_mpagosdolares_lag1	0.000450727820385622	0.000522186624587061	0.000805585392051558
Master_msaldopesos_lag1	0.000443324746438582	0.00408054157341875	0.00402792696025779
mcomisiones_lag1	0.000427268537182496	0.00143716793855429	0.0018796992481203
Master_delinquency_lag1	0.000424509403819251	0.000780016627800992	0.000537056928034372
Master_fechaalta_lag3	0.000424436867695661	0.00468726430246158	0.00832438238453276
Master_Fvencimiento	0.000417899157195541	0.00292684370877204	0.00671321160042965
ccajas_transacciones_lag1	0.000415919788302368	0.00290669815387308	0.00456498388829216
Visa_mconsumospesos_lag3	0.000414634629606555	0.00277807954317837	0.00725026852846402
ctrx_quarter_lag6	0.000410456414019538	0.00173436226576945	0.0037593984962406
ccaja_seguridad_lag1	0.00040469238651592	0.00235113520442579	0.000268528464017186
Visa_Fvencimiento_lag1	0.000399017642409583	0.00290469713908476	0.00402792696025779
Visa_delinquency_lag1	0.000398886570991854	0.00113166563866162	0.0018796992481203
Master_mfinanciacion_limite_lag3	0.000396329376908291	0.00380255999721627	0.00537056928034372
Visa_mconsumosdolares_lag6	0.000373497946518028	0.00379484480636326	0.00725026852846402
Master_mconsumototal	0.000366688445209287	0.00195382694785392	0.00268528464017186
Visa_mpagospesos_lag6	0.000356407695088474	0.00178063535661876	0.00537056928034372
cliente_antiguedad	0.000352477821082352	0.00285052831469476	0.0037593984962406
Visa_Fvencimiento	0.000349160274173311	0.00222888674156097	0.00483351235230935
ccajas_transacciones	0.000345918222700428	0.00384003464108657	0.00671321160042965
thomebanking_lag3	0.000342010755129309	0.00097431365922454	0.00214822771213749
Master_msaldototal_lag1	0.000338516705859464	0.00374208722398186	0.00483351235230935
mtransferencias_emitidas	0.000333173827344181	0.00440805804502775	0.00483351235230935
Master_mfinanciacion_limite_lag1	0.000331211963718625	0.000949919333075793	0.00295381310418904
mcuenta_debitos_automaticos_lag1	0.000331129105074575	0.00205229793875286	0.00456498388829216
Visa_msaldototal_lag3	0.000325216745154171	0.00176759114743475	0.00322234156820623
Visa_mlimitecompra	0.000322607915737665	0.00115080316355443	0.00161117078410312
Visa_mconsumototal_lag1	0.000314098246658502	0.0022298496358952	0.00402792696025779
Master_Fvencimiento_lag3	0.000306442169858533	0.00247320914269254	0.00644468313641246
mcomisiones_otras_lag3	0.000306038981517003	0.00172892793087064	0.00161117078410312
Master_Fvencimiento_lag6	0.000301929580870766	0.00223578046318509	0.00725026852846402
Visa_mconsumosdolares_lag3	0.000301427891764507	0.00246260225979204	0.00617615467239527
thomebanking_lag1	0.000300144994383493	0.00184581126686693	0.00510204081632653
mcomisiones_otras_lag1	0.000290371913418298	0.000840775260290875	0.00161117078410312
Visa_mconsumospesos_lag6	0.000287810620466834	0.00176916788690705	0.00617615467239527
Master_mlimitecompra_lag3	0.000287653408593074	0.00223541937780976	0.00483351235230935
cmobile_app_trx	0.000286788317912562	0.00359997304738397	0.00832438238453276
Visa_cconsumos	0.000286722504353265	0.00110998547091748	0.00322234156820623
tmobile_app	0.000284608459153275	0.00305702702275988	0.00510204081632653
cmobile_app_trx_lag1	0.000281507234408621	0.00181946707969136	0.0037593984962406
Visa_mpagominimo_lag3	0.000279851975101178	0.00187264893738878	0.00402792696025779
foto_mes_lag3	0.000270115401804901	0.000826641776891263	0.00241675617615467
mrentabilidad_lag1	0.000269719678214689	0.00115527159507421	0.00268528464017186
Visa_fechaalta_lag6	0.0002668382147767	0.00178183897453655	0.00590762620837809
cmobile_app_trx_lag6	0.000263106874272219	0.00316376686875402	0.00832438238453276
Visa_mpagospesos_lag3	0.000259731741020635	0.00301409998972201	0.00510204081632653
mtransferencias_recibidas	0.000259164265448105	0.00126387103075133	0.00214822771213749
Master_fechaalta_lag1	0.000258339452927572	0.00689346585531706	0.00617615467239527
Visa_mlimitecompra_lag3	0.000245949164938209	0.00173352575131658	0.00241675617615467
Visa_mlimitecompra_lag1	0.000244108691533577	0.000582867021912288	0.00214822771213749
Visa_mpagosdolares_lag3	0.000237638698653927	0.000550950083777374	0.00214822771213749
Visa_status_lag1	0.000237529138883553	5.2775636650162e-05	0.000268528464017186
mtransferencias_emitidas_lag1	0.000235158466091306	0.0033675092917874	0.00429645542427497
internet_lag3	0.00023398185812048	0.0012593183459773	0.00349087003222342
Master_mpagominimo_lag6	0.000231880140483622	0.00334061444941445	0.00537056928034372
cliente_antiguedad_lag6	0.000230332697892738	0.00225360604454752	0.00322234156820623
numero_de_cliente_lag3	0.000229090496697756	0.00357563589308632	0.00295381310418904
Visa_Fvencimiento_lag3	0.000228064677616193	0.00128400755851591	0.0037593984962406
Master_mconsumosdolares_lag1	0.000226267973377129	0.00142502042471903	0.00268528464017186
mcaja_ahorro_dolares_lag3	0.000224959244020527	0.00257261293747776	0.00429645542427497
Visa_mconsumototal_lag3	0.000221033480795148	0.00120731302479453	0.00402792696025779
Visa_msaldopesos_lag3	0.000220598793867924	0.00196647095408027	0.0037593984962406
mrentabilidad_lag6	0.00021095751637522	0.00132375403120603	0.00214822771213749
Visa_mconsumosdolares	0.000208513897059953	0.00149834181922581	0.00483351235230935
cliente_antiguedad_lag1	0.000207788959248366	0.00263517097875474	0.00268528464017186
Visa_cconsumos_lag3	0.000206474959791262	0.00242277454289247	0.00510204081632653
Master_Fvencimiento_lag1	0.000203329797214304	0.00188310536804955	0.00483351235230935
Master_fechaalta_lag6	0.000201532740577656	0.0022325668033446	0.00537056928034372
Master_mpagospesos_lag3	0.00019504266941743	0.00148802681367038	0.00241675617615467
mrentabilidad_annual	0.000192985463537927	0.00152454458129604	0.00295381310418904
Visa_cconsumos_lag6	0.000192819415064017	0.00142473757450835	0.00295381310418904
Master_mlimitecompra_lag1	0.000191221808238745	0.00159620498307627	0.00456498388829216
cprestamos_personales_lag1	0.000189788688192718	0.00114290141192416	0.000268528464017186
mcaja_ahorro_lag3	0.000186913374283054	0.00161380789512391	0.00322234156820623
Visa_mconsumototal_lag6	0.000185124114920636	0.00156795005245623	0.00429645542427497
mcuenta_corriente_lag3	0.000183586396881402	0.000695724255973579	0.00134264232008593
Master_mfinanciacion_limite_lag6	0.000181358001085181	0.00153837114212661	0.00349087003222342
mpayroll_lag6	0.000180068076000659	0.00112657734391417	0.00295381310418904
numero_de_cliente	0.000178982405642829	0.00166142602899635	0.00241675617615467
Visa_mconsumototal	0.000178016732063068	0.000860114391184917	0.00241675617615467
mcuentas_saldo_lag3	0.000177344194534083	0.000678217633359368	0.00134264232008593
cpagomiscuentas	0.000176073302334594	0.00212652806478757	0.000268528464017186
foto_mes_lag1	0.000176013390387824	7.45430666933384e-05	0.000268528464017186
Visa_Fvencimiento_lag6	0.000174609318010639	0.00130429453852021	0.00322234156820623
ctrx_quarter_lag1	0.000174319028989253	0.00346422901861596	0.00214822771213749
Master_mpagosdolares_lag6	0.000172529442570555	0.00138665209454478	0.00349087003222342
Master_msaldopesos_lag3	0.000171962885212293	0.00155581758384493	0.00349087003222342
Visa_msaldopesos_lag6	0.000170065789527603	0.00100241813760486	0.00322234156820623
mextraccion_autoservicio_lag1	0.000170022802738785	0.00154733809561413	0.00241675617615467
numero_de_cliente_lag1	0.000168050251292307	0.00240352568334226	0.00268528464017186
Master_mlimitecompra_lag6	0.000166846538162121	0.00159142361089787	0.00322234156820623
numero_de_cliente_lag6	0.000164595123820562	0.00407707515381552	0.00349087003222342
mpasivos_margen	0.000160244767788758	0.000780191152399071	0.00161117078410312
Visa_cconsumos_lag1	0.000158483011205413	0.00156090888763717	0.00241675617615467
mpayroll_lag3	0.000157904507971325	0.00157656795674758	0.00214822771213749
Master_msaldopesos_lag6	0.000157802816999038	0.0011591412266799	0.00349087003222342
Master_msaldototal_lag3	0.000156568464329195	0.00107062114691626	0.00241675617615467
cliente_edad_lag6	0.000155704048154028	0.000695059257074002	0.00161117078410312
Master_mconsumospesos_lag3	0.000155562510490549	0.00103248150414639	0.00322234156820623
Master_msaldototal_lag6	0.000154068660056308	0.00194738157390417	0.00402792696025779
Visa_mpagosdolares	0.000150931212864928	0.000610757858112206	0.00161117078410312
mpagomiscuentas_lag6	0.000149418942208341	0.00199830965705053	0.00295381310418904
Visa_mlimitecompra_lag6	0.000144725713000079	0.00129855929914195	0.0018796992481203
active_quarter_lag1	0.000142637476532981	0.000555364352490857	0.000805585392051558
ctarjeta_debito_transacciones_lag6	0.000140765481196102	0.00106557798784073	0.00161117078410312
Master_mconsumosdolares	0.000132924238148932	0.00246348390991682	0.00349087003222342
Visa_madelantodolares_lag3	0.000132658044739124	0.000202818646281479	0.000805585392051558
mcuenta_debitos_automaticos_lag6	0.00012961773007312	0.00150227464077218	0.00322234156820623
cliente_edad_lag3	0.000127608422985689	0.000951839103654663	0.000805585392051558
Visa_mpagominimo_lag6	0.000127515731197752	0.0013249636672134	0.00429645542427497
Visa_fultimo_cierre_lag3	0.000123915527080509	0.000713766488561205	0.00107411385606874
mcuentas_saldo_lag6	0.00012373354216194	0.000979043877641442	0.00241675617615467
Master_mconsumosdolares_lag6	0.000120730123651921	0.00123705743258784	0.00241675617615467
mcuenta_debitos_automaticos_lag3	0.000120408910717701	0.000946215198933804	0.0018796992481203
Master_mconsumototal_lag3	0.000120030856407725	0.000676553631588028	0.00214822771213749
Master_mconsumototal_lag1	0.000120009036422965	0.00115529566743257	0.0018796992481203
ctrx_quarter_lag3	0.000119346710017639	0.000790993623211208	0.0018796992481203
ccajas_transacciones_lag3	0.000115270812256835	0.000777127944798303	0.0018796992481203
Master_mconsumototal_lag6	0.000113788961892743	0.00121260894363279	0.00268528464017186
Master_fultimo_cierre_lag1	0.000111635411161874	0.000945375675436148	0.0018796992481203
mcaja_ahorro_dolares_lag6	0.000109825498125785	0.000645996781700212	0.0018796992481203
Master_mpagosdolares_lag3	0.000104611021264847	0.000601709660415243	0.0018796992481203
Master_madelantopesos	0.000102566861426436	0.000527620959485869	0.000537056928034372
ctarjeta_visa_transacciones_lag3	0.000102077089965594	0.00140405941868077	0.0018796992481203
Master_status_lag1	0.000100875094733643	0.00151510520777579	0.000805585392051558
mcaja_ahorro_lag6	0.000100557139455763	0.00141245164461254	0.0037593984962406
mpasivos_margen_lag1	9.64608063373366e-05	0.000822492304119692	0.00107411385606874
Master_cconsumos_lag6	9.61717535772305e-05	0.000307987770892906	0.00134264232008593
Master_mpagospesos_lag6	9.5003758509285e-05	0.000980208377976901	0.00214822771213749
Visa_madelantodolares_lag1	9.43157594727788e-05	0.00011537580455426	0.000537056928034372
Master_msaldodolares_lag1	9.42147549992903e-05	0.00194250993038193	0.00161117078410312
mcomisiones_otras_lag6	9.3847724541063e-05	0.000985323754127495	0.00107411385606874
mcomisiones_otras	9.29740141488259e-05	0.0013067439009829	0.0018796992481203
Master_cconsumos_lag1	9.20116617238948e-05	0.00077866857573307	0.0018796992481203
mcaja_ahorro_dolares_lag1	8.96556028464756e-05	0.00193926618009349	0.00456498388829216
mpagomiscuentas_lag1	8.77033040213808e-05	0.00122701023201911	0.0018796992481203
thomebanking_lag6	8.70230540327832e-05	0.000836463299100404	0.00161117078410312
foto_mes	8.62996841130033e-05	0.00043491830745792	0.00107411385606874
Master_mconsumosdolares_lag3	8.59428591908809e-05	0.00110816499881683	0.00214822771213749
Master_madelantodolares	8.46308206874279e-05	0.000685087282625137	0.00214822771213749
Master_mpagosdolares	8.44733462748636e-05	0.000775686612341753	0.00214822771213749
cliente_antiguedad_lag3	8.3877871525618e-05	0.0020751726972804	0.00322234156820623
Master_mconsumospesos	8.35919681484006e-05	0.000963023723155698	0.0018796992481203
matm_lag1	8.21400631425842e-05	0.000674760240890525	0.000805585392051558
Master_delinquency_lag6	7.98987793824877e-05	0.00126192417876931	0.000805585392051558
mrentabilidad_lag3	7.51735367070057e-05	8.69854669184607e-05	0.000268528464017186
mtransferencias_emitidas_lag3	7.51547949378075e-05	0.000739496830598695	0.00161117078410312
mtransferencias_recibidas_lag6	7.34410916729555e-05	0.00135995885817306	0.00268528464017186
ccajas_transacciones_lag6	7.23972858350043e-05	0.000673905672168897	0.00161117078410312
mautoservicio_lag3	7.01675193958207e-05	0.000801720867903484	0.00295381310418904
Master_fultimo_cierre	7.01348801865389e-05	0.000520095338454906	0.00107411385606874
mautoservicio_lag6	6.94770291094411e-05	0.00183177407290074	0.00295381310418904
Master_madelantodolares_lag3	6.81551608255714e-05	0.000844046091982461	0.00214822771213749
ctarjeta_debito_transacciones_lag1	6.73880032871898e-05	0.000663193472700593	0.00134264232008593
Visa_madelantodolares	6.5381709373195e-05	8.19784163804672e-05	0.000268528464017186
Visa_fultimo_cierre_lag1	6.48398485277075e-05	0.000285621540935631	0.000537056928034372
Master_mconsumospesos_lag6	6.20255201897911e-05	0.000661794266871166	0.0018796992481203
mcaja_ahorro_dolares	6.16205127649095e-05	0.00110645586137357	0.00295381310418904
mtarjeta_visa_consumo_lag6	6.13121353988654e-05	0.000753344454742833	0.00161117078410312
Visa_msaldodolares_lag1	6.09054594857733e-05	0.000365827629932157	0.000537056928034372
matm_other_lag6	6.04096077855354e-05	0.000483833339636781	0.000537056928034372
Master_fultimo_cierre_lag3	5.92559027560713e-05	0.00125337849155303	0.00161117078410312
tcallcenter_lag1	5.85053248085836e-05	0.00242738439951759	0.00322234156820623
mactivos_margen_lag3	5.77514305543167e-05	0.000316993841962747	0.000805585392051558
Visa_msaldodolares	5.76958503070733e-05	0.00013960463323931	0.000268528464017186
Master_msaldodolares_lag6	5.69775562884045e-05	0.000653230525386112	0.00107411385606874
Master_msaldodolares_lag3	5.67927901763763e-05	0.000952633491480403	0.00134264232008593
Visa_madelantopesos_lag3	5.51969900408042e-05	0.000541619035869731	0.000805585392051558
Master_cconsumos	5.33843317552482e-05	0.000849041106341277	0.00214822771213749
Master_mconsumospesos_lag1	5.33809083470072e-05	0.000956391788428692	0.00268528464017186
Master_madelantopesos_lag6	5.32281242501781e-05	0.000251601280489383	0.000537056928034372
Visa_msaldototal_lag6	5.24824073317117e-05	0.000623832157744166	0.00134264232008593
Master_cconsumos_lag3	5.24535470981368e-05	0.000188597900582827	0.000805585392051558
foto_mes_lag6	5.1784496566708e-05	0.000842917700184536	0.00134264232008593
chomebanking_transacciones_lag1	5.16691219908982e-05	0.000275150065050884	0.000537056928034372
mextraccion_autoservicio_lag3	5.12409515943251e-05	0.000263869156116427	0.00107411385606874
Master_status_lag6	4.93560309854384e-05	0.000334362048516412	0.000537056928034372
mprestamos_personales_lag6	4.89103221805703e-05	0.00023453096937037	0.000537056928034372
Master_mpagominimo_lag3	4.77393926503866e-05	0.0010639109770246	0.00214822771213749
Master_cadelantosefectivo_lag3	4.43044773498419e-05	0.000276140040788264	0.000805585392051558
mpasivos_margen_lag6	4.38482342456899e-05	0.000441450943706709	0.00107411385606874
ctarjeta_visa_transacciones_lag1	4.36635890444561e-05	0.000405360460441868	0.000805585392051558
mrentabilidad_annual_lag6	4.34639116911682e-05	0.000491055047143502	0.00107411385606874
Master_madelantopesos_lag3	4.26705349234734e-05	0.000262460923152616	0.00107411385606874
mttarjeta_master_debitos_automaticos_lag1	4.20143773407957e-05	0.000196740375796656	0.000268528464017186
Master_cadelantosefectivo_lag6	4.19242084601469e-05	0.000177175566543029	0.000805585392051558
Visa_mpagado	4.14792905171596e-05	0.00024148186284559	0.000537056928034372
mtarjeta_master_consumo_lag6	3.94375018211252e-05	0.000216542899589045	0.000537056928034372
Master_msaldodolares	3.93158254726039e-05	0.000556215912167692	0.000537056928034372
mcomisiones_lag6	3.87644208044254e-05	0.000693338083451566	0.00107411385606874
Master_fultimo_cierre_lag6	3.38352435169486e-05	0.000136706923102238	0.000537056928034372
matm	3.0584204832437e-05	0.000567650282386667	0.00161117078410312
tmobile_app_lag3	3.03732485838101e-05	0.000570581092016478	0.00134264232008593
Master_mpagado_lag6	2.91122527161941e-05	0.000166674000210338	0.000268528464017186
Visa_status_lag3	2.68486136308798e-05	0.000220132690028844	0.000268528464017186
tcallcenter_lag6	2.67165540818639e-05	0.000675614809612154	0.000537056928034372
mextraccion_autoservicio_lag6	2.58033940113399e-05	0.000993715980059265	0.00134264232008593
Master_madelantopesos_lag1	2.57212100992154e-05	0.000161826429046451	0.000805585392051558
Visa_cadelantosefectivo_lag6	2.49161488344099e-05	0.000600743757036219	0.000268528464017186
Visa_mfinanciacion_limite_lag6	2.41969162112586e-05	0.000731598088013218	0.00134264232008593
mtransferencias_emitidas_lag6	2.41005692407893e-05	0.000139204430281646	0.000268528464017186
Master_cadelantosefectivo_lag1	2.3961279851804e-05	0.000116648630502319	0.000537056928034372
Master_mpagosdolares_lag1	2.17191499819405e-05	0.00045649917672384	0.00161117078410312
mrentabilidad_annual_lag3	2.07889948496197e-05	4.87344894911924e-05	0.000268528464017186
ctarjeta_visa_transacciones_lag6	1.9913962997202e-05	0.00030163868637658	0.000537056928034372
matm_lag6	1.97897968096164e-05	0.00177469249314969	0.00161117078410312
mpagomiscuentas_lag3	1.923067184498e-05	0.00038292502245432	0.00134264232008593
cseguro_accidentes_personales_lag1	1.89820990947428e-05	0.00030610410885157	0.000268528464017186
Master_madelantodolares_lag1	1.82421054254635e-05	0.000182432367798963	0.000805585392051558
mcuenta_corriente_lag6	1.8140613552602e-05	0.000107934436777542	0.000268528464017186
mtarjeta_visa_consumo_lag3	1.75290568004888e-05	0.000449133035066984	0.00161117078410312
mtarjeta_visa_consumo_lag1	1.74233501329151e-05	0.000593886143949628	0.00161117078410312
tcallcenter_lag3	1.69556209391342e-05	0.00016076122718921	0.000268528464017186
matm_other_lag3	1.58831200501306e-05	0.000352660049911568	0.000537056928034372
Master_cadelantosefectivo	1.56515773880003e-05	0.000172776343053518	0.000805585392051558
mttarjeta_visa_debitos_automaticos_lag6	1.54539115597927e-05	0.000322897587849492	0.000805585392051558
chomebanking_transacciones_lag3	1.45352837019405e-05	0.000528051252891478	0.000537056928034372
Visa_cadelantosefectivo	1.43667790678022e-05	5.26492567687944e-05	0.000268528464017186
matm_lag3	1.35619366077701e-05	0.000256665502878472	0.000805585392051558
Master_madelantodolares_lag6	1.24632044368051e-05	0.000233092645958615	0.000805585392051558
cseguro_accidentes_personales_lag6	1.12482873282061e-05	0.000259361607014315	0.000268528464017186
Visa_msaldodolares_lag3	1.04201744809473e-05	0.000739301242687055	0.000537056928034372
mtarjeta_master_consumo_lag3	8.61929576312884e-06	0.000191974048842219	0.000805585392051558
mcomisiones	8.49089850809626e-06	0.000528923875881873	0.000805585392051558
Master_mpagado_lag3	8.15703378215147e-06	0.000138686874576998	0.000268528464017186
mactivos_margen_lag6	7.53491469016851e-06	0.000417080689916318	0.000805585392051558
mttarjeta_visa_debitos_automaticos	7.12338471062136e-06	0.000436582309229261	0.000268528464017186
ctarjeta_debito_transacciones_lag3	6.53088347587446e-06	0.000713363276558746	0.00107411385606874
chomebanking_transacciones_lag6	5.67737870016728e-06	0.000414568137512938	0.000537056928034372
mtarjeta_master_consumo_lag1	5.42743578350596e-06	0.000134417040013649	0.000268528464017186
mcomisiones_lag3	5.16032991901704e-06	0.000429098814825421	0.000805585392051558
mcomisiones_mantenimiento_lag6	4.96995147107574e-06	9.43124909929886e-05	0.000268528464017186
matm_other	4.69641793672077e-06	0.000918736601870729	0.000805585392051558
mtransferencias_recibidas_lag1	3.54594677344518e-06	0.000585918193333878	0.000537056928034372
mttarjeta_visa_debitos_automaticos_lag3	1.56823839681111e-06	6.81939821770124e-05	0.000268528464017186
matm_other_lag1	1.23406630290784e-06	6.54527423692527e-05	0.000268528464017186
cseguro_accidentes_personales	9.52701990918465e-07	0.000262659520109051	0.000268528464017186
mplazo_fijo_dolares_lag1	7.18129803609819e-07	5.87606267463575e-05	0.000268528464017186
mtransferencias_recibidas_lag3	7.05296921722355e-07	0.000103411842451458	0.000268528464017186
Visa_mpagado_lag3	3.44488269785206e-07	0.00022001533728186	0.000268528464017186
