Feature	Gain	Cover	Frequency
mcaja_ahorro	0.130056410824137	0.0168243447809601	0.010429105962901
ctarjeta_visa	0.0801828185392298	0.00379539466939644	0.0020300931454502
Visa_mpagospesos	0.0646037754451681	0.0227698099401938	0.0306106201735531
chomebanking_transacciones	0.0624522465827924	0.0104478752675795	0.00437863227450044
cdescubierto_preacordado	0.0555605424005236	0.0148705356358689	0.0128970623358013
Visa_status	0.0507090308932872	0.0126542436488796	0.00879707029695088
mcuenta_corriente	0.0462381772197487	0.0184150781101794	0.020022291218852
ctrx_quarter	0.0427609834537964	0.0132809467963638	0.00859804155720086
mprestamos_personales	0.0266924082898053	0.0187459789680733	0.0110659979301011
mpayroll	0.0262432529222306	0.00560841948353725	0.00254756786880026
mcuentas_saldo	0.0239431244118149	0.0169665629137776	0.0117426956452512
ctarjeta_visa_transacciones	0.0203393022208046	0.00565858150499581	0.00282620810445028
Visa_delinquency	0.0198615535153864	0.00802012062031117	0.00644853116790065
mpasivos_margen	0.0157961930788557	0.014199986784201	0.010230077223151
mtarjeta_visa_consumo	0.0136476228166315	0.00616648307416191	0.00433882652655043
Visa_mpagominimo	0.0119347804561858	0.0183037186147534	0.0231669453069023
mautoservicio	0.0116018937614887	0.00529034463206172	0.00374174030730037
cmobile_app_trx	0.0114643155348063	0.0238656827852305	0.0471698113207547
Master_status	0.0110666470859599	0.00719831105689324	0.00808056683385081
Visa_fechaalta	0.0106786353345394	0.0261736931870337	0.0283814982883528
thomebanking	0.0101744769474218	0.0177427030791078	0.0285009155322029
internet	0.00957349315866412	0.0104300630175705	0.0160417164238516
Master_fechaalta	0.00932746456274011	0.0254544316915719	0.0352280869357535
Visa_msaldopesos	0.00899678758651021	0.0142411478174204	0.0169970543746517
Visa_Finiciomora	0.00893288675538385	0.0115496677441554	0.00445824377040045
mcomisiones	0.00799979631219831	0.0159706407896187	0.0136931772948014
Visa_msaldototal	0.00779910052989032	0.0145013547701881	0.0169970543746517
Visa_Fvencimiento	0.00729207251055058	0.0225185955249666	0.0275057718334528
Master_Fvencimiento	0.00728580741289891	0.0218519719399616	0.030132951198153
mrentabilidad_annual	0.00711558673030874	0.0176796461200422	0.0151659899689515
mactivos_margen	0.00710207994674614	0.0168243220800637	0.0117028898973012
tmobile_app	0.00707378819293437	0.018732512034159	0.0250378154605525
Visa_mconsumototal	0.00679001192171837	0.0162607882362269	0.0244009234933524
Visa_mconsumospesos	0.00664783147309083	0.017879187827156	0.0256349016798026
mrentabilidad	0.00631115920267293	0.0159661299392508	0.0129368680837513
foto_mes	0.00613231342034661	0.0105148293243127	0.0117426956452512
Visa_mconsumosdolares	0.00596683629717434	0.0187172818868309	0.0253960671921025
cliente_edad	0.00593732511609839	0.021039100398793	0.0161611336677016
Visa_mfinanciacion_limite	0.00578864251813396	0.0151322574177907	0.0144096807579014
Master_mfinanciacion_limite	0.00560517429427154	0.0174981749891955	0.0210174349176021
mcomisiones_otras	0.00559636427262268	0.01533792704131	0.0127378393440013
Master_mlimitecompra	0.00534310151155048	0.0140085347154742	0.0185494785447019
Visa_mlimitecompra	0.00512861988713238	0.0129158549089193	0.0139718175304514
numero_de_cliente	0.00493651172626824	0.0182119589406463	0.0175543348459518
Master_msaldopesos	0.00471120810267377	0.0117816833319986	0.0150465727251015
cliente_antiguedad	0.00461257743551835	0.0205686062613556	0.0162805509115516
Visa_cconsumos	0.00454672156889375	0.0116314425035832	0.0163203566595016
mttarjeta_visa_debitos_automaticos	0.00442253974230742	0.0141427891418843	0.010190271475201
Master_mpagominimo	0.0038646544417894	0.00991013428155647	0.0129368680837513
ccajas_transacciones	0.00382919953101927	0.0126869790041665	0.0142902635140514
Master_msaldototal	0.00377670196824074	0.0117525835998216	0.0142504577661014
Master_fultimo_cierre	0.0036803347967776	0.0106248241147602	0.0136533715468514
Master_delinquency	0.00355705100409537	0.00449053704247282	0.00585144494865059
Visa_fultimo_cierre	0.00349816342286318	0.0102518793741902	0.009951436987501
Visa_mpagosdolares	0.00301113252851809	0.00652739932228416	0.010349494467001
tcallcenter	0.0030009685880177	0.00837464499197083	0.00628930817610063
mextraccion_autoservicio	0.00273540292506958	0.0031219478908988	0.0019504816495502
ctarjeta_debito_transacciones	0.00267227351057365	0.00561499429277014	0.0020300931454502
mcomisiones_mantenimiento	0.00259184057597603	0.0101129114463451	0.00481649550195048
Master_mpagospesos	0.00251109940876781	0.00947745652338132	0.00975240824775097
Master_mconsumototal	0.00210854088840793	0.00690953196066293	0.00772231510230077
mcaja_ahorro_dolares	0.00207653207736199	0.010342304169314	0.00668736565560067
cpayroll_trx	0.0020692651376349	0.00241429997515211	0.000756309211050076
Master_mconsumospesos	0.00200488274092228	0.00662381980523484	0.00748348061460075
Master_mpagosdolares	0.00182429905229274	0.00482757956986984	0.00792134384205079
Master_mconsumosdolares	0.0018114724470646	0.00495538826732611	0.0079611495900008
Master_cconsumos	0.00163828510905895	0.0048056448702299	0.00724464612690073
mcuenta_debitos_automaticos	0.00159962659105849	0.00674009097926369	0.00330387707985033
ccomisiones_otras	0.00152043471032379	0.0124143105849214	0.00441843802245044
cproductos	0.00151704646427342	0.0130768851253836	0.00433882652655043
active_quarter	0.00126723289796464	0.00387708591603771	0.00270679086060027
mtransferencias_emitidas	0.00122347900091623	0.00503194513460071	0.00310484834010031
Master_madelantopesos	0.00111607096457414	0.00302509045711905	0.00565241620890057
cseguro_accidentes_personales	0.00103701654254972	0.00533323938409978	0.00342329432370034
matm	0.00102911555656495	0.00157823192904838	0.000875726454900088
mpagomiscuentas	0.000971389805127658	0.00550977944944682	0.00266698511265027
Master_madelantodolares	0.000956838384333141	0.0018567419351454	0.00406018629090041
ccaja_seguridad	0.00085125593407407	0.00025894133637307	7.9611495900008e-05
mtransferencias_recibidas	0.000813805838626769	0.00427271299452629	0.00226892763315023
Visa_msaldodolares	0.000810027843991195	0.00270593408191905	0.00266698511265027
Visa_madelantopesos	0.000799886203839725	0.00180822150332041	0.00318445983600032
Visa_cadelantosefectivo	0.00078333174956025	0.00161917738660281	0.00294562534830029
Visa_mpagado	0.000767062952567492	0.00565657620392128	0.00362232306345036
Master_cadelantosefectivo	0.000742792396190591	0.00219549382346499	0.00429902077860043
mtarjeta_master_consumo	0.000737924356612138	0.00306418471457393	0.00147281267415015
Visa_madelantodolares	0.000728792645521565	0.00139082840776452	0.00278640235650028
Master_mpagado	0.000718286965554614	0.00135173696720917	0.00187087015365019
ctarjeta_master	0.000673422595349378	0.00213287696352788	0.00147281267415015
cprestamos_personales	0.000569494226195868	0.00435640009734363	0.00139320117825014
Master_Finiciomora	0.000464310976625002	0.00245978312647007	0.000955337950800096
ctarjeta_visa_debitos_automaticos	0.000410173354160072	0.00528540412166358	0.00175145290980018
ccajas_depositos	0.00036652748581967	0.00233047202735763	0.000716503463100072
Master_msaldodolares	0.000347734199355268	0.00124502403042899	0.00171164716185017
ccajas_consultas	0.000320873998043527	0.00214003785356565	0.000676697715150068
cplazo_fijo	0.000290755177460462	0.000129470668186535	3.9805747950004e-05
cseguro_vida	0.000273591067673031	0.00544894485842045	0.00187087015365019
cpagomiscuentas	0.000203238194761945	0.00304242946800487	0.000955337950800096
mttarjeta_master_debitos_automaticos	0.000114134752481718	0.00173905800314584	0.000676697715150068
matm_other	0.000108001570171165	0.00177616402662343	0.000676697715150068
ccallcenter_transacciones	9.92385916630056e-05	0.00211000771603963	0.000676697715150068
ctarjeta_master_transacciones	9.62557809125531e-05	0.00234638253877531	0.000756309211050076
ccomisiones_mantenimiento	8.74988128268546e-05	0.00025894133637307	7.9611495900008e-05
cextraccion_autoservicio	8.12861813261874e-05	0.00264069087740821	0.000875726454900088
ccuenta_debitos_automaticos	7.8114650504366e-05	0.00061359014871254	0.00019902873975002
ctarjeta_visa_descuentos	6.05513557939096e-05	0.000776824009119211	0.000238834487700024
ctransferencias_emitidas	3.80589128525748e-05	0.000607462232307118	0.00019902873975002
ccajas_otras	2.76092037615819e-05	0.00142417735005189	0.000437863227450044
ccajas_extracciones	2.32000278631632e-05	0.00116523601367882	0.000358251731550036
ctransferencias_recibidas	1.69898897520693e-05	0.000501278872640985	0.000159222991800016
catm_trx_other	8.00254756075996e-06	0.00025894133637307	7.9611495900008e-05
ctarjeta_debito	1.99488717899864e-06	0.000129470668186535	3.9805747950004e-05
cseguro_vivienda	1.4296773169672e-06	0.000129146890439085	3.9805747950004e-05
