Feature	Gain	Cover	Frequency
mcaja_ahorro	0.195889270038392	0.0169349322182583	0.010657959586003
ctrx_quarter	0.0805841211207026	0.0119291487822095	0.00782405125677674
cdescubierto_preacordado	0.0804814734409502	0.0168748548273169	0.0128141941843273
mcuenta_corriente	0.0547637710156121	0.0208836625225292	0.0200221784130113
mtarjeta_visa_consumo	0.0412831536784466	0.00700670463381786	0.00462050271069492
Visa_msaldopesos	0.0407477635918686	0.014776844012857	0.0168186298669295
Visa_status	0.0366512568073239	0.0093353062740221	0.00733119763430261
chomebanking_transacciones	0.0315092872205848	0.00871183516766412	0.0043124691966486
Master_status	0.0258341134733581	0.00907170309560118	0.00973385904386397
mcuentas_saldo	0.024357728616048	0.0135933350695345	0.00967225234105471
mprestamos_personales	0.0232837647076752	0.0176915156877906	0.0107195662888122
Visa_mpagospesos	0.0229492745728358	0.0234278815113069	0.0309265648102514
Visa_delinquency	0.0173204613530464	0.00977744130281168	0.00856333169048793
mpayroll	0.0149459253519167	0.00422903036816035	0.0019714144898965
internet	0.013600042909073	0.0123852788499588	0.0166338097585017
Visa_mconsumospesos	0.0133393642592156	0.0215958171886119	0.0287703302119271
cmobile_app_trx	0.0105311486661782	0.027259841217397	0.0426318383440118
thomebanking	0.00972846085987274	0.0186286852461434	0.0275381961557417
Visa_msaldototal	0.00885834615376481	0.0163054136250085	0.0186052242483982
Visa_mpagominimo	0.00873977597699557	0.0212598501333499	0.023410547067521
Visa_fechaalta	0.00867378492171966	0.022818197269837	0.0240266140956136
Master_fechaalta	0.00858150826408365	0.0239524496582655	0.0311113849186792
mrentabilidad_annual	0.00796876179024513	0.0161306451683912	0.0137999014292755
Visa_Fvencimiento	0.00788091328802792	0.0230682777657018	0.0264908822079842
mpasivos_margen	0.00695984164893719	0.0112987707933951	0.00880975850172499
Visa_Finiciomora	0.00690394267651792	0.0082397973487524	0.00369640216855594
mcomisiones_otras	0.00681120913348177	0.0163918492259543	0.0134918679152292
Visa_mconsumototal	0.00657807153268829	0.0189552965129707	0.0263060620995564
mactivos_margen	0.00656953549699463	0.0157300439784549	0.0103499260719566
Master_Fvencimiento	0.00652147899377358	0.0214619094679914	0.0254435682602267
mrentabilidad	0.00612544375809346	0.0157459113795803	0.0126293740758995
tmobile_app	0.00578095223484705	0.0206625047726039	0.0250123213405619
mttarjeta_visa_debitos_automaticos	0.00576596878086139	0.00888190716101721	0.00733119763430261
Visa_mconsumosdolares	0.00558746229513582	0.0186736683105493	0.0247042878265155
foto_mes	0.00555749024329536	0.011539471009758	0.0122597338590439
Master_mlimitecompra	0.00549018202899998	0.0166024346639408	0.0196525381961557
ctarjeta_debito_transacciones	0.00532349636775141	0.00377325602312546	0.00172498767865944
mextraccion_autoservicio	0.00527894251264152	0.00228960664174008	0.00154016757023164
Master_msaldototal	0.00518608940837638	0.0114587727424344	0.0149088220798423
Visa_cconsumos	0.00515858637957212	0.0137773031338461	0.018543617545589
cliente_edad	0.00510113713218881	0.018226328126984	0.0142311483489404
Visa_mlimitecompra	0.00507537962814944	0.0122873525220525	0.0126909807787087
Master_mfinanciacion_limite	0.00506450528729428	0.0155422059240255	0.01761951700345
Master_msaldopesos	0.00480252969787052	0.0129852762720933	0.0163257762444554
Visa_mfinanciacion_limite	0.00466511024478844	0.0138578739271721	0.0133070478068014
cliente_antiguedad	0.00453793788269811	0.0193633486082507	0.0154016757023164
mcomisiones	0.00446318428159811	0.0161433092583687	0.0126293740758995
Master_delinquency	0.00405042253986934	0.00739097389533698	0.00837851158206013
numero_de_cliente	0.00387347466818135	0.0158818018729154	0.0155864958107442
Master_fultimo_cierre	0.0035349569122131	0.0109961547500757	0.0134918679152292
Master_mpagospesos	0.00351264580721086	0.0109149427725793	0.0102883193691474
ccajas_transacciones	0.00332186459112899	0.0117748612816968	0.0128141941843273
ccomisiones_otras	0.00320234745382624	0.00959017256532251	0.00437407589945786
Master_mpagominimo	0.00303073182424914	0.0106208791303903	0.0128758008871365
ctarjeta_visa	0.00292137962550571	0.00418194368167512	0.00271069492360769
tcallcenter	0.00256638170115394	0.0100805630264458	0.00702316412025628
Visa_mpagosdolares	0.00254861099562058	0.0075286765269019	0.010657959586003
Visa_fultimo_cierre	0.0024499929153061	0.00963494022878454	0.00924100542138985
mcomisiones_mantenimiento	0.00243836739629852	0.00949619492014357	0.00548299655002464
cproductos	0.00206196355730798	0.00907264479721145	0.00406604238541153
Master_cconsumos	0.00189913324243597	0.00709077222960591	0.00973385904386397
cpayroll_trx	0.00188684102143464	0.00203910779026764	0.000800887136520453
Master_mpagosdolares	0.00183747748525024	0.00701961162700321	0.0104115327747659
Master_mconsumototal	0.00177229485298845	0.00636436637208972	0.00708477082306555
Master_mconsumospesos	0.00177161935052593	0.00789704506338447	0.0082552981764416
Visa_mpagado	0.0017702966507102	0.00649326827916213	0.00468210941350419
Master_cadelantosefectivo	0.0017536562619578	0.0043606951486632	0.00702316412025628
mautoservicio	0.00175304097323468	0.00553691719649399	0.00388122227698374
matm	0.00173908446271499	0.00136413779113746	0.000985707244948251
mcuenta_debitos_automaticos	0.00169009812561645	0.00508804893092969	0.00246426811237063
ctarjeta_visa_transacciones	0.00164509831903678	0.00684485300696212	0.00369640216855594
Master_madelantopesos	0.00162391938439584	0.00520329204935088	0.00868654509610646
mcaja_ahorro_dolares	0.00152405850540945	0.0082048076435153	0.00505174963035978
mtransferencias_emitidas	0.00144641299859499	0.00404873295273895	0.00277230162641695
Visa_madelantopesos	0.00140112413820603	0.00444074721315508	0.00677673730901922
Master_madelantodolares	0.00139812012531834	0.00485537837193398	0.00819369147363233
active_quarter	0.00139617638314847	0.00577282298532367	0.00351158206012814
Master_mconsumosdolares	0.00138980127303126	0.00680804654632682	0.00874815179891572
Visa_madelantodolares	0.00130898607806294	0.00388121003784402	0.00646870379497289
mpagomiscuentas	0.00128153407352231	0.00475953017130747	0.00271069492360769
Visa_cadelantosefectivo	0.00115258070204131	0.00315100083803233	0.00480532281912272
Visa_msaldodolares	0.00115195525488112	0.00296987112781746	0.00295712173484475
cseguro_accidentes_personales	0.00103983072881253	0.00425710235063258	0.00295712173484475
Master_mpagado	0.000955432381539729	0.00280071473903577	0.00314194184327255
ctarjeta_master	0.000934866663252209	0.00321414964970219	0.00252587481517989
Master_msaldodolares	0.000706697874993986	0.00150916726673813	0.0019714144898965
mtarjeta_master_consumo	0.000653159252387362	0.00311494035121578	0.00166338097585017
mtransferencias_recibidas	0.000567461520815252	0.00362381815542043	0.00184820108427797
cprestamos_personales	0.000505675378394296	0.00345079779891447	0.00135534746180384
ccajas_depositos	0.000422603350789793	0.00172539889945724	0.000677673730901922
ccomisiones_mantenimiento	0.000410905744613122	0.000313708890810407	0.000123213405618531
ctarjeta_visa_debitos_automaticos	0.000362734456642981	0.00481699866134777	0.00190980778708724
ccajas_consultas	0.000323060241072232	0.00186945897043714	0.000739280433711188
cseguro_vida	0.000321143520621072	0.00345415648781694	0.00154016757023164
matm_other	0.000295423848206145	0.000865781309272617	0.000369640216855594
cpagomiscuentas	0.000109374075641639	0.00188225334486244	0.000739280433711188
ctarjeta_master_transacciones	8.27308039704815e-05	0.00203910779026764	0.000800887136520453
cextraccion_autoservicio	7.34680284259514e-05	0.000323860839676975	0.000246426811237063
ccallcenter_transacciones	7.21626732592831e-05	0.00156854445405203	0.000616067028092656
ccuenta_debitos_automaticos	5.56402155951015e-05	0.00047056333621561	0.000184820108427797
ccajas_extracciones	5.16040874140589e-05	0.00172539889945724	0.000677673730901922
ctransferencias_recibidas	4.77594931280144e-05	0.000156854445405203	6.16067028092657e-05
mttarjeta_master_debitos_automaticos	2.86324159162172e-05	0.00109798111783642	0.00043124691966486
ctransferencias_emitidas	1.80062045061666e-05	0.000627417781620814	0.000246426811237063
ccajas_otras	1.69593912470664e-05	0.000627417781620814	0.000246426811237063
catm_trx	6.53699095185149e-06	0.00047056333621561	0.000184820108427797
ctarjeta_master_debitos_automaticos	6.12187730560031e-06	0.000156854445405203	6.16067028092657e-05
cseguro_vivienda	4.92570640911674e-06	0.00047056333621561	0.000184820108427797
catm_trx_other	4.90288261979844e-06	0.000313708890810407	0.000123213405618531
ctarjeta_debito	3.78081658656638e-06	0.000156854445405203	6.16067028092657e-05
