Feature	Gain	Cover	Frequency
mcaja_ahorro	0.12910033040385	0.0762621133004789	0.0432098765432099
Visa_status	0.120535679972432	0.0703714348521195	0.0411522633744856
ctarjeta_visa	0.101574463176834	0.0147620130866992	0.00617283950617284
mcuenta_corriente	0.0775890453980869	0.0277970844837115	0.0308641975308642
cdescubierto_preacordado	0.0614034242159059	0.0263332693034896	0.0411522633744856
ctrx_quarter	0.0585284232379522	0.0801657149118041	0.0534979423868313
ctarjeta_visa_transacciones	0.0539888947972507	0.0511542885508707	0.0308641975308642
mcuenta_corriente_lag1	0.0383110801186786	0.00671619992873883	0.0123456790123457
Visa_mpagospesos	0.0305741940777525	0.033786610131644	0.0390946502057613
Visa_Finiciomora_lag1	0.0285372962836001	0.016211652359286	0.00823045267489712
ctrx_quarter_lag1	0.028092645631646	0.036692904208184	0.0205761316872428
mcaja_ahorro_lag1	0.0266113469989516	0.0281335654899034	0.0246913580246914
Visa_delinquency_lag1	0.0247966263206374	0.0156763244923322	0.00823045267489712
mpayroll	0.0223836712547772	0.0456903735662134	0.0308641975308642
mautoservicio	0.0207021271054695	0.0339896323041616	0.0267489711934156
mtarjeta_visa_consumo	0.0185820183855697	0.0629672720171778	0.0411522633744856
mcuentas_saldo	0.0180027229153678	0.0595963910645608	0.051440329218107
internet	0.0163293865430033	0.0140082905947456	0.0185185185185185
Visa_delinquency	0.0143822171344426	0.0298604945843813	0.0308641975308642
Visa_mpagospesos_lag1	0.0136210749472184	0.00549490549619525	0.01440329218107
mprestamos_personales	0.0129121218727137	0.0175157413976392	0.0308641975308642
mautoservicio_lag1	0.00694281190276323	0.0150905654088785	0.0102880658436214
mtarjeta_visa_consumo_lag1	0.0068553817039882	0.00482308335021826	0.00205761316872428
Visa_Finiciomora	0.00607146911450928	0.0128144348248256	0.00617283950617284
mprestamos_personales_lag1	0.00582627840120101	0.00909927013409325	0.0226337448559671
cextraccion_autoservicio	0.00478463610243562	0.00112543859508808	0.00205761316872428
ctarjeta_debito_transacciones	0.00468352013239676	0.0110961586388731	0.00617283950617284
Visa_mpagominimo	0.00409075193123395	0.0135644543253579	0.0205761316872428
mpayroll_lag1	0.00399695215918232	0.0124861784900559	0.0164609053497942
Visa_msaldopesos	0.00346887758464257	0.0210919998268411	0.0246913580246914
Visa_msaldototal	0.00232653639923058	0.0222872095817195	0.0246913580246914
Master_status	0.00224713778075807	0.00205666536629531	0.00823045267489712
mpasivos_margen	0.00189826153087082	0.00975100921945362	0.0102880658436214
ctarjeta_debito_transacciones_lag1	0.00188433237604417	0.00156535775450298	0.00205761316872428
Master_delinquency	0.00167592775340483	0.0117218508321951	0.0123456790123457
mextraccion_autoservicio	0.0016315148846049	0.00381645536083517	0.00823045267489712
Visa_mconsumototal	0.00147969376739234	0.00830720152859486	0.0123456790123457
Visa_msaldototal_lag1	0.00138473549421789	0.00792110799448264	0.01440329218107
matm	0.00135479969268516	0.00354453109794237	0.00617283950617284
Visa_cconsumos	0.00126769421460219	0.00345169811062672	0.00823045267489712
Master_status_lag1	0.0010717647767851	0.000460789420588776	0.00205761316872428
Visa_madelantodolares_lag1	0.00103520257330144	0.00132747834131024	0.00411522633744856
mcuentas_saldo_lag1	0.000996040402064718	0.00149238741164792	0.00411522633744856
Master_delinquency_lag1	0.000974930012284542	0.00322660913208821	0.00411522633744856
Visa_mconsumospesos	0.000931313471745944	0.00263730449732465	0.00823045267489712
Visa_msaldopesos_lag1	0.000920435420320772	0.00562316250858726	0.00823045267489712
mextraccion_autoservicio_lag1	0.000816011184975967	0.00377507380194152	0.00617283950617284
mprestamos_personales_lag3	0.000785011823932091	0.00107237497992481	0.00411522633744856
cpayroll_trx	0.000755916158349758	0.00369764475513018	0.00205761316872428
Master_msaldopesos_lag1	0.000735595002409653	0.00137380351970342	0.00617283950617284
mrentabilidad_lag1	0.000685625781913423	0.00135101878677431	0.00617283950617284
Master_mpagospesos_lag1	0.000673425048327228	0.0019359088008128	0.00411522633744856
ctarjeta_visa_transacciones_lag1	0.000662226072135865	0.00712859855667219	0.00411522633744856
Master_mpagospesos	0.000616880608096894	0.000527021326673759	0.00205761316872428
mpasivos_margen_lag1	0.0004940629531374	0.00222961647752588	0.00411522633744856
mactivos_margen	0.000471076216913783	0.00126091895979344	0.00205761316872428
Master_msaldopesos	0.000466367665460966	0.00247854188893799	0.00617283950617284
Visa_madelantodolares_lag3	0.000408638877040036	0.00074866551557373	0.00411522633744856
Visa_fechaalta_lag1	0.000391599661225282	0.00103108158749358	0.00411522633744856
mcuentas_saldo_lag3	0.000347603861329347	0.0013368743671616	0.00617283950617284
mactivos_margen_lag1	0.000337947475040363	0.00150455438346081	0.00205761316872428
Visa_mlimitecompra	0.000304939629731344	0.000285646743006816	0.00205761316872428
internet_lag1	0.000289168088958386	0.000902478206856381	0.00411522633744856
cdescubierto_preacordado_lag1	0.000273915923569994	0.000824948398373712	0.00205761316872428
ccajas_transacciones_lag1	0.000256426451061664	0.00190391697016607	0.00411522633744856
Visa_cadelantosefectivo_lag1	0.000241864646751979	0.00108356582304671	0.00411522633744856
Visa_fultimo_cierre_lag1	0.00024097586403143	0.000624054816162913	0.00411522633744856
Master_msaldototal_lag1	0.000228476256820957	0.00368251161161756	0.00205761316872428
Master_mfinanciacion_limite_lag1	0.000212702378607639	0.000250550193362277	0.00205761316872428
Master_cadelantosefectivo	0.000208376935561678	0.000840459398153812	0.00205761316872428
Master_fechaalta_lag1	0.0002048722914595	0.000947090436836986	0.00411522633744856
Visa_mpagospesos_lag3	0.00017571926199989	0.000275879158492429	0.00205761316872428
Visa_mpagominimo_lag1	0.000170730913140614	0.000408418541915892	0.00205761316872428
ctrx_quarter_lag3	0.000161797834248806	0.000292290715710026	0.00205761316872428
Master_mpagominimo	0.000160251071725619	0.000767659090619115	0.00411522633744856
thomebanking_lag1	0.000147197756767929	0.000664409865529897	0.00205761316872428
mrentabilidad	0.00014391826515965	0.00107995729569227	0.00411522633744856
Master_mpagado_lag1	0.000143659799311191	0.000256161358934372	0.00205761316872428
Visa_fultimo_cierre_lag3	0.000135167405198094	0.000877697133314077	0.00205761316872428
Master_mfinanciacion_limite	0.000133823985498004	0.000491761039313312	0.00205761316872428
Master_mlimitecompra_lag1	0.000131307025854273	0.00115984240824223	0.00205761316872428
Visa_mlimitecompra_lag1	0.000111057973188099	0.000781570498866878	0.00205761316872428
foto_mes_lag3	0.000108985687425843	0.000956247153718945	0.00411522633744856
Visa_mpagosdolares_lag3	0.000108531026299192	0.000253226675256935	0.00205761316872428
mcuenta_debitos_automaticos	0.000105615755227417	0.000766153963153648	0.00205761316872428
tmobile_app_lag3	0.000104862732395245	0.000466935882539802	0.00205761316872428
mcuenta_debitos_automaticos_lag1	0.000103554181123673	0.000362773504804172	0.00205761316872428
Visa_madelantopesos	8.57602232024319e-05	0.000261035704784878	0.00205761316872428
mpagomiscuentas_lag1	8.2409096774179e-05	0.00100638238280923	0.00205761316872428
Master_fechaalta	6.79762380381005e-05	0.000636215490371347	0.00205761316872428
mpagomiscuentas	6.03711729894604e-05	0.00100845429467592	0.00205761316872428
mrentabilidad_lag3	4.59522906013226e-05	0.000504375141042724	0.00205761316872428
Master_mpagosdolares_lag1	4.18530721809964e-05	0.000356954518284962	0.00205761316872428
