Feature	Gain	Cover	Frequency
Visa_status	0.140095445454933	0.0683536575283209	0.0390946502057613
ctrx_quarter	0.11198304365741	0.0785081120695412	0.0473251028806584
mcaja_ahorro	0.104495697644516	0.0787736210466339	0.0432098765432099
ctarjeta_visa	0.085254561237736	0.0176440873273283	0.00823045267489712
mcuenta_corriente	0.0699476846199976	0.0439486623318314	0.0411522633744856
cdescubierto_preacordado	0.0551809669986615	0.0197009188331061	0.0329218106995885
Visa_delinquency_lag1	0.0381293477526129	0.0121457056010409	0.01440329218107
mcaja_ahorro_lag1	0.0314842091929294	0.0442614301270674	0.0267489711934156
mtarjeta_visa_consumo	0.0293497231887539	0.0679533586768844	0.0534979423868313
mcuentas_saldo	0.0292790389245389	0.0396650808960141	0.0390946502057613
ctrx_quarter_lag1	0.0266035964360368	0.0177292769009525	0.0102880658436214
Visa_delinquency	0.0251728778372447	0.0365101129957837	0.0288065843621399
mpayroll	0.0200443843329074	0.0527118975463156	0.037037037037037
Master_status	0.0197377560526499	0.018827747792916	0.0267489711934156
ctarjeta_visa_transacciones	0.0173352335609359	0.0337143575546137	0.0246913580246914
mcuenta_corriente_lag1	0.0164723703321062	0.00331724968320561	0.00823045267489712
Visa_Finiciomora_lag1	0.0153894151503455	0.0133668487216704	0.00617283950617284
mprestamos_personales	0.0136313834427946	0.0234971563293682	0.037037037037037
Visa_msaldopesos	0.0135854890579592	0.0351326585571848	0.0308641975308642
mautoservicio	0.0121033912767397	0.0253785722914127	0.0205761316872428
mtarjeta_visa_consumo_lag1	0.0118726662160655	0.00745692776532564	0.00823045267489712
mpayroll_lag1	0.0105932031148021	0.0167302653726536	0.0226337448559671
internet	0.00863258144117442	0.00503760824939024	0.0185185185185185
Visa_mpagospesos	0.00738150662103811	0.0170930500126794	0.0246913580246914
mcuentas_saldo_lag1	0.00709267738529954	0.00785089640915029	0.0164609053497942
Visa_Finiciomora	0.00615692093362331	0.0147940549315599	0.00617283950617284
ctarjeta_debito_transacciones	0.0059548173569116	0.0216214710039255	0.0102880658436214
Visa_mconsumospesos	0.00588678629863677	0.00789703813183266	0.0185185185185185
Visa_msaldopesos_lag1	0.00546877774042647	0.00528581802502319	0.00411522633744856
Visa_mpagospesos_lag1	0.00531103445855304	0.00517364775594456	0.00411522633744856
Visa_msaldototal	0.00528748162603589	0.0297851730759545	0.0267489711934156
cpayroll_trx	0.00523312149248845	0.00493135164385331	0.00205761316872428
mprestamos_personales_lag1	0.00491891981344915	0.00725386253111616	0.01440329218107
Visa_mpagominimo	0.00418652753859613	0.0188642206441513	0.0205761316872428
mextraccion_autoservicio	0.00358484356646948	0.0115363079376512	0.0164609053497942
Visa_mconsumototal	0.00310315364855251	0.0072893950025567	0.00411522633744856
internet_lag1	0.00302925024656691	0.00310284940126839	0.01440329218107
Master_delinquency	0.002864395675524	0.00690844651656186	0.01440329218107
cpayroll_trx_lag1	0.00156248443416692	0.00493135164385331	0.00205761316872428
Visa_msaldototal_lag1	0.00148603780436702	0.00377769497386565	0.00411522633744856
mactivos_margen	0.00123203355120543	0.00290024489004562	0.00823045267489712
Visa_mpagominimo_lag1	0.00106936931123985	0.00513037135156307	0.00617283950617284
thomebanking	0.00088549909747225	0.000972239104879612	0.00617283950617284
mprestamos_personales_lag3	0.000828714059341868	0.00262626618352604	0.00617283950617284
Visa_fechaalta_lag1	0.000715266214902239	0.00157223928159528	0.00617283950617284
ctarjeta_master	0.000707548590611478	0.00430164430140573	0.00411522633744856
mrentabilidad	0.000545304899404818	0.00199211570432995	0.00617283950617284
Master_msaldototal	0.000507024999555532	0.00208160325540551	0.00823045267489712
Visa_mfinanciacion_limite_lag1	0.000492249924860746	0.00184258269441153	0.00617283950617284
mrentabilidad_lag1	0.000484448960912092	0.00201605436581733	0.00617283950617284
Visa_msaldodolares_lag1	0.000459370984079695	0.00065223858987967	0.00411522633744856
Master_msaldopesos	0.000388515981815057	0.00205382102817971	0.00411522633744856
cextraccion_autoservicio	0.000382779828482639	0.000665946676552646	0.00205761316872428
Visa_cconsumos	0.000378274420804151	0.00155783064353156	0.00205761316872428
mpagomiscuentas	0.000370005152588531	0.0013731627724214	0.00411522633744856
mautoservicio_lag1	0.000309411181633209	0.00181192252633726	0.00411522633744856
Visa_fultimo_cierre_lag1	0.000294286198553204	0.00041446766109621	0.00205761316872428
ccaja_ahorro	0.000275635977488813	0.00240144598856069	0.00205761316872428
ctarjeta_debito_transacciones_lag1	0.000268036535972053	0.000580883328404229	0.00205761316872428
tcallcenter	0.000254467830311323	0.00140430890857754	0.00205761316872428
Visa_madelantodolares_lag1	0.000217550691519882	0.000452139654351731	0.00205761316872428
ctarjeta_visa_transacciones_lag1	0.000213167292868067	0.00412496019164057	0.00411522633744856
ccajas_transacciones_lag1	0.00019530551717874	0.000894282251019302	0.00205761316872428
Visa_mpagado_lag1	0.000193141233679734	0.000920474037249895	0.00205761316872428
Visa_mlimitecompra	0.000174922725314029	0.00107847677659517	0.00411522633744856
mcaja_ahorro_lag3	0.000170424955610812	0.000297753274888414	0.00205761316872428
Master_mpagominimo	0.000164565984410965	0.000701233008315356	0.00205761316872428
mcuenta_debitos_automaticos	0.000164445694776314	0.000421081876028659	0.00205761316872428
Visa_mlimitecompra_lag3	0.000161379297137726	0.000881773306366523	0.00205761316872428
mpayroll_lag3	0.000158307339324367	0.00060792713659654	0.00205761316872428
Visa_mpagosdolares_lag3	0.000157202288492408	0.000587118866909247	0.00411522633744856
cdescubierto_preacordado_lag1	0.000139073173981861	0.0014660773451652	0.00205761316872428
mrentabilidad_annual_lag3	0.00013753534006914	0.000552501530168331	0.00205761316872428
mcomisiones_lag1	0.000134047812468687	0.000810714674759234	0.00205761316872428
mpasivos_margen	0.000133073241696217	0.000340815095961025	0.00205761316872428
Visa_fechaalta	0.000124111111771979	0.000401668397849067	0.00205761316872428
Master_mfinanciacion_limite_lag1	0.000115244657537984	0.000269409344295259	0.00205761316872428
mrentabilidad_annual_lag1	0.00010978870214178	0.000436077462554897	0.00205761316872428
mactivos_margen_lag1	0.000109482340386659	0.000343074531978025	0.00205761316872428
Master_cconsumos	0.000103376406371914	0.000908400570488661	0.00205761316872428
Visa_status_lag3	0.000100880730644609	0.000642430870409227	0.00205761316872428
Master_mfinanciacion_limite	0.000100105202504833	0.00045287807338522	0.00205761316872428
mpasivos_margen_lag1	9.99429693915201e-05	0.000627921251964857	0.00205761316872428
cliente_edad	9.98632089750512e-05	0.00047653272755203	0.00205761316872428
Visa_mpagospesos_lag3	9.05038559031157e-05	0.000285465224818302	0.00205761316872428
Visa_mconsumosdolares_lag1	8.8621339588255e-05	0.000333355170340648	0.00205761316872428
Visa_madelantopesos	8.85002168960609e-05	0.000294610260540742	0.00205761316872428
Master_madelantodolares	8.54762180117694e-05	0.00068751861036859	0.00205761316872428
Visa_madelantodolares_lag3	8.2661636232608e-05	0.00033838525555168	0.00205761316872428
Master_fechaalta_lag1	8.17294254675728e-05	0.000400134758317975	0.00205761316872428
Master_msaldopesos_lag1	7.00784231162166e-05	0.000564739090048118	0.00205761316872428
Visa_mpagospesos_lag6	5.97135938056046e-05	0.000612490187547074	0.00205761316872428
thomebanking_lag3	5.92234847417645e-05	0.000415553200188177	0.00205761316872428
internet_lag3	4.56626834409854e-05	0.000265559467283051	0.00205761316872428
Visa_mconsumosdolares_lag3	3.98439387494568e-05	0.000293133422473764	0.00205761316872428
