Feature	Gain	Cover	Frequency
mcaja_ahorro	0.103604564385609	0.0179068979537386	0.00906918316073289
cdescubierto_preacordado	0.0889642024097003	0.0228809820754403	0.0164225749126785
mtarjeta_visa_consumo	0.0812450240175992	0.00750101230359275	0.00545376554935964
ctrx_quarter	0.0806038028329954	0.0178426131806979	0.00765978307494332
mcuenta_corriente	0.0731310536019922	0.0231019297641024	0.017831974998468
Visa_status	0.0526471771249266	0.0177317000585899	0.00931429621913107
ctarjeta_visa	0.0456979858850041	0.00304763996229468	0.00134812182119002
Master_status	0.0376380518350164	0.0114091623020402	0.00931429621913107
mprestamos_personales	0.0263495868359872	0.0278807858607967	0.0137263312702984
Visa_delinquency	0.0255506365147514	0.011132227606844	0.00870151357313561
ctarjeta_visa_transacciones	0.0250498096794243	0.00624099635918783	0.00281880017157914
Visa_Finiciomora	0.0227487885994739	0.0213415031630591	0.0061891047245542
mpayroll	0.0214332948460827	0.0175809384534842	0.00643421778295239
internet	0.0196349804063943	0.0102805693691846	0.0136037747410993
mcuentas_saldo	0.019592392275527	0.0279740525957426	0.0139101660640971
mautoservicio	0.0167361370976604	0.00769673514339984	0.00533120902016055
Visa_msaldopesos	0.0133715153614038	0.0154183013580893	0.0166676879710767
Visa_msaldototal	0.0120017089753333	0.0138071371970958	0.0167902445002758
Visa_mpagospesos	0.0114916700835403	0.014776295047034	0.0237146884000245
ctarjeta_debito_transacciones	0.0109023542260417	0.00414154902071489	0.00147067835038912
mextraccion_autoservicio	0.0102522967844521	0.00719948942794172	0.00367669587597279
mactivos_margen	0.0100000369816646	0.0267754749846785	0.0310680801519701
Master_delinquency	0.00788653630368377	0.00676389148062127	0.00692444389974876
Visa_mpagominimo	0.00779319476437714	0.0160975609672865	0.0202218273178504
cpayroll_trx	0.00774445100501344	0.00644626989411894	0.00153195661498866
mrentabilidad_annual	0.00745510716680105	0.0276945401128304	0.0292910104785832
mpasivos_margen	0.00737092082979289	0.0148350398347677	0.0223665665788345
Visa_mfinanciacion_limite	0.00649854413647487	0.0126003023013307	0.0109075310987193
mrentabilidad	0.00607114286548911	0.0180073697809951	0.0235921318708254
Visa_mconsumospesos	0.00579652143181118	0.0132290469735441	0.0205894969054476
Visa_fechaalta	0.00561700313739322	0.0191176445294487	0.0199154359948526
thomebanking	0.00530051687256118	0.0127484305816976	0.0218150621974386
mcomisiones	0.00449291790422705	0.015279588945014	0.0265947668362032
Master_fechaalta	0.00442164820133011	0.0198832093412368	0.0240210797230222
mcomisiones_otras	0.00439100170999557	0.0166493734804721	0.0286782278325878
Visa_mconsumototal	0.00433608488997427	0.0106872576196416	0.0182609228506649
ccaja_seguridad	0.00404951930128785	0.0101950196039284	0.00238985231938231
cliente_edad	0.00400923005735334	0.0219249453489851	0.0130522703597034
Visa_cadelantosefectivo	0.00335884896358302	0.00165768879634345	0.00343158281757461
Visa_mlimitecompra	0.00332148447602922	0.0145108625376494	0.0140940008578957
chomebanking_transacciones	0.00330830634216483	0.0136915994468763	0.0205894969054476
Visa_Fvencimiento	0.00327521034095042	0.0128638405298525	0.0163612966480789
Visa_cconsumos	0.00321445435243649	0.00720460619436995	0.011887983332312
Master_msaldopesos	0.00308671922070915	0.0119491457639244	0.0133586616827011
Master_mfinanciacion_limite	0.0030452838444457	0.00899408936428285	0.0138488877994975
Master_Fvencimiento	0.00303610849342824	0.0129577834113233	0.0207120534346467
ccaja_ahorro	0.00300598737264403	0.00821351717759798	0.00196090446718549
Master_msaldototal	0.00297756721693006	0.0118254423985478	0.0128684355659048
mcuenta_debitos_automaticos	0.00296376215146635	0.00950839063327468	0.00477970463876463
Visa_mconsumosdolares	0.00296323249325709	0.0136444542020243	0.0225504013726331
cmobile_app_trx	0.00291816408111006	0.0116230621417696	0.0272075494821987
Master_mlimitecompra	0.00281757180552011	0.0112311029119745	0.015809792266683
tmobile_app	0.00279066394280666	0.0126416937767939	0.0214473926098413
ctarjeta_visa_debitos_automaticos	0.0027711586038852	0.0119737807828323	0.0218763404620381
mttarjeta_visa_debitos_automaticos	0.00260657073000517	0.0125863942918376	0.0198541577302531
Master_mpagominimo	0.00257777443870619	0.00795268219693423	0.0103560267173234
cliente_antiguedad	0.00251731130559326	0.0129194367698645	0.011213922421717
tcallcenter	0.00230326773435868	0.00874507674371288	0.00594399166615601
ccomisiones_otras	0.00200870613997459	0.00955827191290176	0.0133586616827011
ccajas_transacciones	0.00198878446125198	0.00992169347697429	0.0108462528341197
Master_mpagospesos	0.00187534857499576	0.00798769962806692	0.00796617439794105
cproductos	0.0017568297370113	0.00672339829977426	0.00202218273178504
Visa_fultimo_cierre	0.0017401107994908	0.00770976894662404	0.00765978307494332
numero_de_cliente	0.00170001264686843	0.00998478052386011	0.00968196580672835
mpagomiscuentas	0.00166731477506738	0.00836387530288726	0.00349286108217415
Master_Finiciomora	0.00158076636511698	0.00323208945558906	0.000980452233592745
matm	0.00152419337693854	0.0017397092841673	0.00159323487958821
mplazo_fijo_dolares	0.00148854780724301	0.0056122463340084	0.00134812182119002
Master_fultimo_cierre	0.00142944948086951	0.00788107088616553	0.00955940927752926
Visa_mpagosdolares	0.00128809475153844	0.00708933475421171	0.0101721919235247
mtarjeta_master_consumo	0.00122073532086359	0.00306564432906172	0.0018383479379864
Master_mconsumospesos	0.00110590736676712	0.00481214719627411	0.00588271340155647
Master_mconsumototal	0.0010609465191724	0.00541079816244465	0.00674060910595012
active_quarter	0.00102527390485803	0.00520320679321155	0.00361541761137325
Master_mpagosdolares	0.000909507821212867	0.00457077426194636	0.00741467001654513
mtransferencias_emitidas	0.000861027557818909	0.00650640946407048	0.00386053066977143
Master_cconsumos	0.000828931827368042	0.00414601774369003	0.00582143513695692
mcaja_ahorro_dolares	0.000828262098138698	0.00814784732459043	0.00471842637416508
Master_madelantopesos	0.000770287499783619	0.00273008662610956	0.00545376554935964
Master_mconsumosdolares	0.000765331855025142	0.00469503032106826	0.00735339175194559
cprestamos_personales	0.000730686667485672	0.00345947508961398	0.000857895704393652
Visa_madelantopesos	0.000716764226773282	0.00151310886335063	0.00367669587597279
Master_cadelantosefectivo	0.000709765087644297	0.0023455924420391	0.00508609596176236
Master_madelantodolares	0.000682720780903701	0.00233702769635042	0.00496353943256327
foto_mes	0.00066174315860585	0.00444521776663338	0.00410564372816962
Visa_mpagado	0.000650651456576859	0.00561747919288796	0.00386053066977143
Visa_msaldodolares	0.000562338658500527	0.00297653283401633	0.00245113058398186
mtransferencias_recibidas	0.0005612551894877	0.00694070530239796	0.00269624364238005
Master_mpagado	0.000555259628186051	0.0018828603097837	0.0026349653777805
Master_msaldodolares	0.000544067848854363	0.00169962493610277	0.00238985231938231
Visa_madelantodolares	0.000451130648948672	0.0014179471784211	0.00294135670077823
cseguro_accidentes_personales	0.000422547502822368	0.0050995539658766	0.0026349653777805
mprestamos_prendarios	0.000337155806820502	0.00104564303630035	0.000245113058398186
ccajas_consultas	0.00033263985114663	0.00470539366335156	0.00110300876279184
ccajas_depositos	0.000305123525280683	0.00339833986797613	0.000796617439794105
mcomisiones_mantenimiento	0.000251434933348895	0.00159109388388944	0.000857895704393652
cplazo_fijo	0.00023968916723271	0.00107669626150861	0.000306391322997733
ctarjeta_master	0.000229047541043583	0.000944451569669758	0.000919173968993198
mcheques_depositados	0.000176568551846917	0.00209128607260069	0.000490226116796372
matm_other	0.000161745168075119	0.00236689323221514	0.000857895704393652
ccomisiones_mantenimiento	0.000127744924221172	0.00235269683167578	0.000551504381395919
ccallcenter_transacciones	0.000122589715583299	0.00232877174989106	0.000551504381395919
cseguro_vida	7.15048706665689e-05	0.00201436160846161	0.000612782645995466
mttarjeta_master_debitos_automaticos	5.83795273418648e-05	0.00215392982698504	0.000612782645995466
ctarjeta_debito	4.59014587357577e-05	0.00209128607260069	0.000490226116796372
cseguro_vivienda	3.05575311225554e-05	0.00124978676083338	0.000306391322997733
ccheques_depositados	2.98946809846202e-05	0.00078423227722526	0.00018383479379864
cpagomiscuentas	1.50692190823678e-05	0.00078423227722526	0.00018383479379864
mforex_sell	1.14398165145882e-05	0.000107986053356813	6.12782645995466e-05
catm_trx	1.1090927959157e-05	0.000256704498231234	6.12782645995466e-05
ccuenta_debitos_automaticos	8.32257685057626e-06	0.000261410759075087	6.12782645995466e-05
mforex_buy	5.4682678995193e-06	0.000261410759075087	6.12782645995466e-05
ctarjeta_master_transacciones	5.23380305346625e-06	0.000261410759075087	6.12782645995466e-05
cextraccion_autoservicio	4.9131077488481e-06	0.000261410759075087	6.12782645995466e-05
mcheques_emitidos	4.32423710037121e-06	0.000261410759075087	6.12782645995466e-05
