Feature	Gain	Cover	Frequency
cdescubierto_preacordado	0.150293282755707	0.0218345842740154	0.0170449011395734
ctrx_quarter	0.113807273741845	0.0220113050237799	0.00944774520307782
mcuenta_corriente	0.0761696534105967	0.0246123909638607	0.0198694847569884
Visa_status	0.0654874407195663	0.0130431485993816	0.00915554689782799
Master_status	0.048750182763604	0.00918644233859686	0.00886334859257817
mcuentas_saldo	0.0439630301295903	0.0208982496182672	0.0129541248660758
mcaja_ahorro	0.0345188688324661	0.014352165961048	0.00808415311191195
mtarjeta_visa_consumo	0.0324456681418683	0.0075894080952875	0.00467517288399727
mprestamos_personales	0.0321285293553618	0.0265962416214269	0.0146099152624915
Visa_delinquency	0.0279878353233941	0.00992411616038751	0.00808415311191195
ctarjeta_visa	0.0271151393777099	0.00353973607021465	0.0016557903964157
mpayroll	0.0263678466274141	0.0105598234902868	0.00477257231908055
mautoservicio	0.0190880061351055	0.00589793853226063	0.00506477062433038
Visa_mpagospesos	0.0175515777712549	0.0159955261572478	0.0224018700691536
internet	0.0148451826552195	0.00883076769056949	0.0133437226064089
Visa_msaldopesos	0.0138742856066099	0.0160811996503841	0.0168501022694068
mactivos_margen	0.0110230870089446	0.0239837434316261	0.0312652186617318
Visa_Finiciomora	0.0103508286451773	0.0181132857509933	0.0062335638453297
ctarjeta_visa_transacciones	0.00973647221353254	0.00984497322706868	0.00506477062433038
mextraccion_autoservicio	0.00970926304586746	0.00495263976346521	0.00243498587708191
mrentabilidad_annual	0.0089142877449465	0.0254691630594815	0.0304860231810655
mpasivos_margen	0.00797495667113633	0.0158633926376331	0.0240576604655693
Visa_fechaalta	0.00768986812161607	0.0232261514494356	0.024642057076069
mrentabilidad	0.00713427158301381	0.0185992055979966	0.023960261030486
Visa_msaldototal	0.00659465842737891	0.0139321863272023	0.0140255186519918
Visa_mpagominimo	0.00634903384923368	0.0141133620835561	0.0180188954904062
Master_fechaalta	0.00631325884617673	0.0207566641459186	0.0268822440829843
Visa_mconsumospesos	0.00579144729514094	0.0126372147027834	0.0192850881464888
cpayroll_trx	0.00568228164998555	0.00441091378481899	0.00116879322099932
thomebanking	0.0055677403267479	0.0124238227097621	0.022207071198987
mcomisiones_otras	0.005543929864284	0.0177453680674343	0.0282458361741502
Master_Fvencimiento	0.00536260392116108	0.0189475800567683	0.0259082497321516
mcomisiones	0.00526113596872943	0.0158920114682407	0.0268822440829843
cliente_edad	0.0052330259394405	0.0259686370405765	0.0159735073536573
Visa_Fvencimiento	0.00520452981982835	0.0172792228985702	0.0215252751534041
Master_mfinanciacion_limite	0.00519271075270904	0.0141849352691424	0.0171423005746567
Visa_mfinanciacion_limite	0.00503562935560586	0.0162934851834796	0.0133437226064089
chomebanking_transacciones	0.00478401087552031	0.0155802861423447	0.0207460796727379
cmobile_app_trx	0.00452318316413968	0.0146456803302307	0.0284406350443167
Master_mlimitecompra	0.00422548902639618	0.0108143680774381	0.0155839096133242
ctarjeta_visa_debitos_automaticos	0.00419593528659421	0.0117815824678772	0.0214278757183208
Master_msaldototal	0.00412734170307897	0.011626503076943	0.0130515243011591
cliente_antiguedad	0.00369444786453461	0.0171913477759896	0.0153891107431577
mttarjeta_visa_debitos_automaticos	0.00364995983674886	0.0139574293259954	0.0198694847569884
ccaja_seguridad	0.00360699858069301	0.00294060918987933	0.000779195480666212
Visa_mconsumosdolares	0.00355342453700377	0.0127108305112431	0.0180188954904062
Visa_mlimitecompra	0.00347693605961192	0.012817296230486	0.0125645271257427
Master_delinquency	0.00341127264951084	0.00458256184862244	0.00438297457874744
tmobile_app	0.00326763866688589	0.010735250547536	0.0163631050939905
ccajas_transacciones	0.00324548464881935	0.0130946686101127	0.0143177169572416
Master_msaldopesos	0.00321768060053202	0.00949118313621094	0.0110061361644102
numero_de_cliente	0.00314954731292324	0.0127916980542933	0.0136359209116587
Visa_mconsumototal	0.00289994508452908	0.0101032093070084	0.0156813090484075
Master_mpagominimo	0.00289990903931833	0.00913069548159283	0.011980130515243
tcallcenter	0.00287898369555873	0.008912060505632	0.00642836271549625
Master_Finiciomora	0.0027500915279308	0.00406670313421216	0.00126619265608259
Visa_cconsumos	0.00270000797715389	0.00883003757755719	0.0132463231713256
ccomisiones_otras	0.00258179903728834	0.00940399343544665	0.0126619265608259
ccaja_ahorro	0.00244720863036419	0.00551364223102374	0.00146099152624915
Master_fultimo_cierre	0.0023751205029437	0.0104564758052226	0.0114931333398266
mcuenta_debitos_automaticos	0.00209503071849117	0.00677357125345419	0.00311678192266485
Visa_fultimo_cierre	0.0018664253809387	0.00667949017026906	0.00681796045582936
cproductos	0.00175622032180953	0.0118651390096247	0.00370117853316451
Master_mpagospesos	0.00166103749923055	0.00855842942134524	0.00701275932599591
Master_mconsumosdolares	0.00158702120141761	0.00424011485373925	0.00701275932599591
Visa_mpagosdolares	0.00147339820522942	0.00572750653942161	0.00749975650141229
mcaja_ahorro_dolares	0.00133837055032197	0.0100945109889688	0.00545436836466349
mpagomiscuentas	0.00132810243887178	0.00681810955850525	0.0033115807928314
Master_mconsumospesos	0.00128552381723405	0.0051752861270909	0.00613616441024642
Master_mpagosdolares	0.00123531058908526	0.00400937891320669	0.00555176779974676
Master_cconsumos	0.00103787034207737	0.0043592150093039	0.00603876497516314
mcomisiones_mantenimiento	0.001009096019788	0.0054853715213111	0.00301938248758157
Master_mconsumototal	0.000909131087531065	0.00396166988540893	0.004577773448914
active_quarter	0.000841110498927564	0.00411042194385895	0.00321418135774813
Visa_mpagado	0.000802966304254559	0.0064462609314342	0.00370117853316451
mtransferencias_recibidas	0.000760215998235649	0.00554514105638739	0.0029219830524983
cprestamos_personales	0.000747749753853207	0.00735152297469832	0.00194798870166553
mplazo_fijo_dolares	0.00071441272529841	0.000735152297469832	0.000194798870166553
mtransferencias_emitidas	0.000710935596282825	0.00552593136905225	0.00350637966299795
cseguro_accidentes_personales	0.000689660657864848	0.00535051560221047	0.0029219830524983
foto_mes	0.0006136665847552	0.00317648932228654	0.00340898022791468
Visa_cadelantosefectivo	0.000610565715849814	0.000670704299824409	0.00136359209116587
Visa_msaldodolares	0.000610243137177845	0.00270827518626508	0.00214278757183208
Visa_madelantopesos	0.000607057488047873	0.00135303583754311	0.00224018700691536
cplazo_fijo	0.000603815229347968	0.00110272844620475	0.00029219830524983
ctarjeta_debito_transacciones	0.000565673539012977	0.00608155019401236	0.00194798870166553
Master_madelantopesos	0.00044537044015407	0.00110134443043015	0.00272718418233174
matm	0.000441140309134104	0.00145702190105937	0.00116879322099932
ctarjeta_master	0.000417359439272423	0.00180470811541289	0.00107139378591604
ccajas_depositos	0.000403185023778023	0.00514606608228882	0.00136359209116587
Master_madelantodolares	0.000395637133576934	0.00140638113080501	0.00311678192266485
mtarjeta_master_consumo	0.000387392216085126	0.0046950618201906	0.00185058926658225
Master_msaldodolares	0.000366932942655059	0.000951237523091323	0.00146099152624915
ccajas_consultas	0.000350047504395291	0.00513348997973873	0.00136359209116587
Master_cadelantosefectivo	0.000323234081458988	0.00101360808577392	0.00214278757183208
matm_other	0.000216130646153347	0.00229800200975367	0.000876594915749489
Visa_madelantodolares	0.000201905389916836	0.000538412714506009	0.000876594915749489
cseguro_vida	0.000190637072741915	0.00653344169395929	0.00185058926658225
ccallcenter_transacciones	0.000130847726988449	0.00307850599204149	0.000876594915749489
Master_mpagado	0.000108681627158624	0.000375015586348621	0.000876594915749489
ctarjeta_master_transacciones	7.54112496774303e-05	0.00288598431711134	0.000779195480666212
ctarjeta_debito	6.73741832498689e-05	0.00183788074367458	0.000486997175416383
cseguro_vivienda	6.3235700901194e-05	0.00114669846741634	0.000389597740333106
mttarjeta_master_debitos_automaticos	6.02008678273281e-05	0.00288282958910846	0.000779195480666212
ctransferencias_recibidas	5.34146428354958e-05	0.000367576148734916	9.73994350832765e-05
cextraccion_autoservicio	3.6358828781349e-05	0.000807438660457328	0.00029219830524983
catm_trx	2.6565689794943e-05	0.00110272844620475	0.00029219830524983
cpagomiscuentas	2.06464405053873e-05	0.00110272844620475	0.00029219830524983
ccuenta_debitos_automaticos	1.62627025489098e-05	0.00055647125071932	0.000194798870166553
ccajas_extracciones	1.56428293090406e-05	0.000735152297469832	0.000194798870166553
mforex_sell	4.53320411474798e-06	0.000367576148734916	9.73994350832765e-05
